13
0
4045
6
2538
6
2476
2434
3633
13
727
11
19
2913
2142
3932
2933
617
1674
0
0
0
2866
4
3183
2111
2372
0
3545
2293
4659
9
3246
23
4041
7
768
1
2507
0
4808
3544
2595
6
4330
1445
2142
9
2
0
1615
5074
4235
841
4938
4042
2
0
6
17
2968
14
15
675
2973
3143
0
0
5001
7
5
5199
5
0
2848
0
2122
546
15
1359
8
13
2950
18
1549
4
4130
10
5069
2922
3765
0
8
16
2303
4648
4258
0
0
1
1486
2743
3462
1536
5
5190
12
5134
2868
293
12
865
6
2220
4198
4
0
4106
0
7
2905
3278
4368
17
4108
2913
33
3226
8
19
23
0
2216
5355
16
2121
0
7
5068
12
1454
7
11
3869
0
16
2556
11
4333
2278
8
3597
7
10
8
5048
0
14
3214
4655
4063
18
5011
3838
13
10
8
22
0
3382
0
2934
3207
2631
11
2165
2761
5
4703
2976
8
22
5
3131
1613
0
36
1355
12
0
11
4
4128
5
1523
13
12
4
10
0
4181
2492
3968
3030
1378
729
0
0
2661
2664
2747
2540
0
4
2277
2886
3958
19
3276
0
0
2927
4153
0
3319
2603
8
2314
5
16
22
2760
2987
2942
17
1198
0
4002
11
4151
4265
3482
9
6
1
2427
3863
12
0
1855
0
12
0
13
2
1159
1572
0
5355
5037
12
1520
2737
0
3102
2957
839
3795
10
2760
3851
4289
5094
5
822
2756
2
2005
12
5
2847
5060
3823
10
4890
0
5109
4057
15
3470
5
3586
3748
1
14
9
3977
4076
1974
3900
0
15
4457
0
30
4033
4053
3840
1442
51
2779
5216
2
1519
1374
2645
16
0
0
12
2731
98
1432
2220
22
2925
823
7
0
0
1561
0
0
1438
10
5141
2934
3296
4999
0
0
2401
8
5237
13
8
2837
3
2073
4842
5356
11
1001
3769
10
5036
0
4296
2247
5053
1469
2322
1512
1569
0
4101
18
4
5
0
2216
3845
2980
1578
4070
3620
0
0
2557
54
1
2633
3926
0
1455
17
4
11
8
2376
4215
3715
5293
1264
19
3423
1460
0
20
2
2
2211
11
0
6
0
0
3
0
2674
0
0
7
1953
3794
1401
12
3909
320
2246
5
4780
4296
2648
2434
3411
605
2600
5
0
2799
5100
3925
2203
2767
3885
4
12
9
0
20
0
13
0
4305
17
2662
1483
2871
0
16
0
3473
4153
2985
1218
4162
2605
0
13
1537
1
0
12
1205
0
603
11
3371
4725
0
5
12
9
13
2758
2
4846
4891
4
146
19
18
268
31
5184
4328
1521
14
1413
0
0
0
7
4038
2941
1407
4364
8
2180
0
2934
3309
23
3981
0
0
0
8
5
11
0
0
4788
11
1621
2861
11
4191
4754
3233
4149
2
0
745
8
3034
4474
3891
2
2298
4385
10
0
3964
25
10
3847
0
2467
0
2844
2256
3139
6
60
1319
19
9
5
13
0
0
0
3282
3603
18
1562
1966
4206
2372
2657
11
1
1017
2933
3411
2752
7
2870
2856
41
2282
19
16
4195
3153
11
0
0
4390
10
0
1273
3059
4176
13
0
10
15
1892
4496
3375
18
8
14
2896
5194
1483
0
7
822
0
5223
0
2952
0
3502
1
6
16
3831
18
1271
45
10
870
18
2028
932
1
2
0
2587
672
14
2244
11
1486
17
3367
0
4790
3515
1020
3930
4
5
2765
14
6
3774
10
2499
24
2016
17
5081
11
14
8
3107
1467
15
865
5148
9
13
0
8
2809
2594
3637
1435
3748
11
4653
0
8
2540
2542
9
1368
1
33
0
5
1589
5
4221
1512
4299
2918
0
3739
3169
9
1461
10
2584
16
2538
2409
4220
3566
1894
1
1
3042
625
14
572
7
8
9
3779
2789
3980
1512
8
17
3758
4191
2333
34
4227
2121
2863
4470
14
5031
11
4043
2131
1264
3
2817
5358
25
3162
8
31
2480
4271
10
0
10
1
0
5041
0
5021
0
0
0
2907
13
3103
6
1691
10
3185
1713
4451
15
3798
3969
1505
0
18
5
3860
7
40
17
14
134
7
11
13
0
0
31
25
12
4
22
1230
14
0
11
9
8
3487
0
624
665
8
3414
2836
0
1868
2953
4543
618
2285
18
4
0
4763
5
9
2546
2456
2246
4687
2881
2221
5013
3432
4
662
20
3321
2779
4235
1940
31
3961
2276
2467
2015
13
2614
7
4041
24
2879
5134
4291
0
12
4180
14
9
0
0
0
28
2937
6
20
1342
4099
2
4741
28
4923
2588
4209
0
15
7
4143
4906
4154
9
0
4951
2
1362
3265
0
1450
0
611
1
2542
4959
19
0
21
5239
5203
0
2879
7
1385
2983
3912
4352
3877
2597
2297
0
4
18
2278
25
4712
2505
2198
22
344
2869
5123
0
5005
0
11
1480
2614
5409
20
2918
2840
18
5388
3
0
3
4894
4
15
1
17
16
2463
5035
2
19
0
2412
0
3034
2480
3939
8
1270
12
4015
1562
2007
3694
2863
2480
2882
3945
2554
3350
14
4597
2134
3370
26
5037
15
4221
16
4625
4394
0
2807
4
4319
9
10
596
4241
3003
8
4282
2856
13
0
18
892
2401
4916
4061
3630
0
0
0
10
4186
12
8
565
859
2897
0
3566
2932
5
12
2609
2320
868
18
3019
6
4
0
3221
1401
2542
0
18
11
0
3959
7
2082
2115
8
18
19
5186
13
11
1479
4020
15
34
25
2140
2856
4173
2
24
1030
0
2600
3825
0
0
26
10
3842
2313
15
8
0
3172
5
29
2032
4
1404
5337
6
0
6
11
3756
3592
4893
4364
836
10
4567
5
2808
0
10
13
0
3922
8
1
9
4848
4101
4101
3248
3
1506
0
4266
3213
0
2549
6
4886
3706
2873
1583
1
1956
641
632
2
4080
4107
3718
7
0
2238
0
33
19
3834
0
4232
2893
2839
2692
4359
16
2950
19
4022
5
1426
2540
2088
17
0
3985
23
7
2571
5163
2549
5232
0
6
3776
356
7
7
1980
0
3480
3968
3758
4
0
1924
3025
3
4064
2256
0
1468
12
0
8
29
34
1374
1554
0
2623
2811
3861
0
11
5035
8
0
1104
1267
3916
0
2853
3466
4071
0
9
965
1982
0
3844
643
6
3505
19
1
144
3954
38
0
5013
4144
2311
0
3884
3
1459
761
4572
12
10
1292
9
3078
12
4847
2649
858
11
8
3329
717
10
2834
4767
33
1512
4192
2519
71
9
13
3765
2218
3721
1900
0
805
0
3639
5
2180
0
14
2835
19
3284
653
0
5
4191
3801
2839
0
2467
5241
22
4931
6
2589
2730
5266
2
2662
3284
6
868
2609
2958
2839
2875
0
0
16
15
2192
24
1264
3682
4273
3351
1
2289
12
1477
31
4
11
2899
30
4873
4207
4400
8
8
3
2716
0
13
3005
4580
1600
0
5486
0
5248
5088
1562
2907
2449
0
26
2520
0
4
14
4
4867
353
25
3573
0
0
3316
5153
1329
7
2578
2816
3585
13
0
5
5248
25
3
5
3735
0
4340
2
15
0
0
2585
4706
4824
885
3896
0
19
1618
1542
0
0
0
3927
5073
19
0
4884
4892
15
0
4062
2755
4918
5227
9
2181
22
7
2007
7
11
12
1
9
4253
2999
0
8
14
3
6
5308
0
0
3119
20
2139
10
3715
0
0
25
2946
4263
2675
2661
3570
1375
21
1
3131
16
8
2898
0
20
4075
1601
18
1462
0
1473
4300
1387
4638
10
7
7
6
12
10
268
0
18
5003
0
6
3
3657
5301
24
19
4408
2
1625
0
1560
4053
2320
2360
2411
6
0
5153
5028
10
853
1136
3702
1477
2608
0
0
4112
21
0
0
0
6
15
3354
2934
13
3963
19
4
3816
2676
2009
2928
4913
3854
0
3047
17
4452
0
2323
2834
19
7
4
0
3381
750
0
0
0
0
0
3789
2651
0
2
3556
0
24
19
0
5111
1544
0
3989
3127
0
1229
1175
0
0
0
3810
2649
2633
9
6
0
1018
4293
0
4087
2808
0
5
4954
2201
0
1
23
3743
12
2553
1661
3999
0
4046
4274
1654
7
11
5
3421
865
17
1506
2758
4993
0
2
2
0
3878
1360
4965
2981
1431
0
18
2454
5355
1950
3779
1683
4449
11
4418
0
2254
2089
18
0
3535
0
1407
7
6
15
2
4598
14
0
2243
0
4941
0
4049
3562
16
15
3
1483
3481
24
63
14
2970
5
8
1362
3667
2806
16
2555
10
0
6
9
0
4996
2725
1896
0
7
2804
4228
20
0
0
7
4696
17
13
17
4139
14
3797
16
0
1949
2759
3770
20
0
0
0
345
16
28
2201
326
619
11
0
0
8
4023
2573
0
1296
0
2410
4834
2736
2552
12
11
2657
3762
16
0
0
12
0
0
2
2412
2721
1
2895
3614
1
613
11
3772
14
5131
3634
3406
3738
2972
3168
2159
4363
4341
0
4002
5192
15
2
15
3770
3373
2643
2619
4814
0
4133
0
10
2462
2696
20
2656
3339
2898
0
4277
2462
2803
4076
2746
4395
4
4
4856
3582
4424
5289
1208
35
1506
0
16
3001
7
2645
14
11
9
3885
26
19
2062
21
3314
2249
2720
2655
0
5250
4522
1766
0
0
3847
1516
4763
3242
5
0
1
4172
6
0
8
19
10
4067
5
13
4024
2967
3648
2360
20
4915
5508
3963
5
15
5
4
23
5
4811
0
2
7
0
19
2953
1524
5222
0
3540
3344
2270
4089
3777
0
0
0
2719
1031
1461
18
3
4476
4027
14
4538
2206
0
3960
3950
2730
17
4382
5210
2526
10
17
2730
4105
2483
0
5173
0
2491
12
0
5235
4899
12
2898
2957
0
13
5
5312
1956
9
576
0
11
1460
0
6
7
2717
2513
16
3008
0
3646
2940
13
2551
10
9
2197
2
2736
2864
11
0
2363
18
16
4819
4092
3857
0
2691
4251
3230
3689
16
865
26
21
3822
4
5
4123
4339
2121
19
4349
5258
18
16
3
4006
4834
676
6
14
4353
4919
2846
0
11
703
2
0
0
2671
4039
9
1988
4921
43
17
1708
0
2608
3428
5221
2574
2
1572
4991
3748
0
4153
7
3765
27
2320
0
4241
4227
2621
1610
2272
1406
0
0
3
4968
0
4726
8
949
4
9
3825
4066
17
9
18
2513
5327
2929
4642
18
4638
1
2770
2180
6
17
1
2039
11
2656
2466
0
13
17
2732
1
5
5
5276
165
1
18
3736
13
3
1507
2286
2079
4179
4
5305
3838
2318
3672
18
5235
6
2767
0
2040
0
2308
6
2123
3909
8
4
13
956
2598
2906
4251
5
5021
7
13
0
10
23
18
2801
0
2900
14
4307
3346
871
0
3089
4934
3456
8
1489
3670
13
1
880
17
30
5
0
4236
3571
1405
12
5089
616
7
0
23
520
6
3
2134
2597
3259
19
17
2703
4
4052
0
3548
3799
4214
2673
16
3721
3492
4840
3
2881
0
0
13
15
21
2978
4210
29
27
5478
0
1561
4057
2212
65
7
2751
2965
4317
4326
0
0
3133
2600
3439
6
17
10
11
2146
11
4634
1552
11
6
1565
4416
4892
2599
4013
658
2920
20
4079
1
4137
2546
0
10
0
5135
16
4236
4
0
10
5
20
4443
3256
4606
2808
10
3154
20
566
0
4252
2305
3
2232
2
0
6
0
764
2981
609
2881
759
27
944
3134
2856
19
0
2411
0
8
2595
6
0
3539
5015
11
2675
11
2179
0
0
1579
0
1248
6
4386
0
2463
2149
635
3108
7
1521
33
5236
7
3637
4272
13
4
1408
4417
24
5153
2316
18
12
11
2621
3413
602
3968
3457
0
1484
0
18
4096
20
3
3340
3035
1401
0
3951
8
11
4380
2815
2204
10
4847
2612
9
8
14
5155
8
11
0
2668
2179
2378
1076
15
12
0
3931
667
17
2562
4171
0
2957
3960
0
11
822
0
2344
350
13
0
0
2232
2212
2
7
3705
9
2537
6
15
4
0
7
1471
2423
11
9
3
939
4268
8
4781
2545
8
1
12
1402
36
2737
16
25
3648
0
8
1621
2771
2349
2078
2887
832
2917
0
0
4169
3
4850
21
1475
3766
2403
3454
2900
2978
0
980
5096
19
4824
21
6
18
0
3399
593
3
21
2246
51
1426
0
0
15
0
3174
21
17
13
3693
1044
15
4204
2567
5
2154
2632
2858
2809
0
0
5146
3229
4
2747
4272
0
5117
0
4
22
14
12
0
13
0
3704
0
5208
3157
3503
5594
15
3958
1796
4847
4419
4055
4976
2578
754
5040
4202
0
0
2775
4155
16
863
0
7
19
7
11
4082
3632
1876
10
2241
1480
1
1356
28
13
3601
2
22
9
2760
8
2976
18
1529
4855
1569
2467
1891
4888
3330
5173
2784
4191
2984
4331
5088
3325
0
5181
13
5191
0
8
2244
14
3821
7
0
2900
0
2
3762
2059
16
0
13
0
4545
12
5578
5393
6
1626
0
19
2139
0
2809
1353
4
19
3148
3627
5
2806
25
4214
2131
3
4186
7
843
159
0
19
2247
3865
2769
4169
0
3571
0
4656
2626
5
2952
0
5
527
5247
7
4163
2408
822
3961
10
0
0
5374
3751
2865
3169
2
0
613
0
4999
4
2537
26
12
20
0
2264
5
2118
17
0
0
1557
1484
32
4652
0
2677
4752
2519
5
31
5036
0
0
825
2501
10
0
5159
5451
4437
0
0
3036
1529
2897
761
1459
0
1423
9
4106
1418
3172
1519
9
2824
1499
1268
4278
2
5016
1505
0
0
15
2826
839
0
9
3473
3391
0
2986
8
0
0
1520
3607
1851
1511
2358
2726
26
4
12
2604
858
2
21
23
2797
9
4086
2302
1177
1521
2477
2149
0
69
21
4052
12
5196
7
19
4311
2
4
5011
8
1
1
2877
0
2769
12
0
4392
17
0
858
1507
3
15
2727
1461
1883
2194
0
2703
4434
1
3777
3
0
912
2604
0
2570
4256
0
1091
3555
1689
3783
14
2619
14
2543
21
0
2
0
5
4523
4078
3823
2324
16
4882
14
0
3662
4054
3697
3472
2523
0
0
4917
22
0
4987
303
0
3921
0
2915
4169
0
3355
2009
5058
2510
1706
570
765
1477
13
4971
0
3985
0
14
7
9
3645
2801
1393
2852
1452
3159
556
5355
2033
17
2013
0
2632
0
19
4
2107
4024
0
2827
1474
4472
4811
5017
2286
21
50
1647
5
5010
29
7
9
1613
11
2876
4
5071
2932
1
5
4310
1485
2318
871
0
5365
2278
4101
824
4252
2376
4394
0
0
641
3356
15
3859
13
1417
3927
15
10
3344
10
28
56
25
1410
4319
0
9
1271
5159
3508
2433
19
3486
19
23
2893
4648
26
3659
984
14
3008
4963
752
0
5519
11
1
3487
1478
1
173
4770
3
5
8
3520
5
5033
12
3124
0
2606
2801
15
7
2161
1467
0
8
713
0
2645
1
1418
4
2489
2325
4355
4305
5327
3
0
12
3351
8
1285
3860
19
2100
4407
339
0
4932
2851
5451
3857
4236
5082
3743
3040
0
3307
4119
0
0
4021
4739
0
4076
14
0
2748
2739
4013
15
294
1258
5011
4021
2536
4562
0
3397
1
0
0
2191
2935
31
5034
4158
628
2865
10
3763
2914
2837
4259
2409
1510
5353
19
4545
0
0
22
2452
5
8
0
2215
1364
0
13
0
6
4493
15
10
2736
4192
10
30
21
3064
31
1132
5034
12
4875
0
0
0
0
7
3440
13
0
0
3346
3960
11
3967
10
984
4106
2838
3544
710
24
0
2799
5179
19
24
2
4532
8
4734
2187
2673
0
9
1131
0
4159
0
5
18
14
2698
2806
0
4263
3344
1588
4376
2904
10
5083
4183
1514
5
26
2288
0
14
3773
4843
2890
4920
0
0
8
2
30
5
17
8
4771
3882
9
11
1525
3626
2979
3
2606
0
3632
49
4273
5
3702
1517
2825
1487
5
2874
2494
0
2370
3024
4267
1613
976
7
0
8
6
538
48
10
5144
3852
14
13
1
10
12
0
1728
1369
27
15
2732
9
6
4845
2233
0
27
3241
0
2
4357
0
3663
2774
12
2513
1491
6
13
4101
0
9
3419
0
3
7
17
3829
3414
4673
0
1476
8
12
10
0
15
4361
4
23
20
0
0
3673
2945
2849
1412
0
0
17
3040
5
1366
2074
605
12
9
1656
4659
8
17
0
3079
2543
4289
0
43
3364
11
5183
3721
4220
2248
16
5101
10
2653
3452
4286
0
3015
1268
10
2767
2594
2763
4130
4227
2720
630
2632
9
1549
1018
1
22
4908
3475
0
7
7
5143
1498
12
2800
13
5531
22
0
0
7
6
15
1390
3861
5040
1313
24
10
23
2300
0
2418
1
17
4848
12
17
18
2827
4671
71
1192
2760
5144
8
1060
2625
2474
5285
19
11
2801
4952
1406
2524
3610
10
3669
0
3454
5
1817
3850
25
8
3450
1485
23
4894
4
13
4181
5382
4135
2863
5025
7
4442
4802
2
8
3858
18
3152
15
3918
2
0
0
2436
673
3037
7
4580
22
2993
2301
2521
4
6
3511
0
3843
0
11
1473
14
1478
5
3627
17
2680
0
4087
4980
3939
50
17
3420
2
2708
661
2091
5312
971
4912
6
4973
3989
0
3951
19
2353
8
5
51
12
2462
33
1924
7
4008
3304
1281
3
10
9
2396
1506
3544
10
4682
14
0
5389
21
4878
2650
1527
2687
1284
4278
23
12
0
5
2404
0
2745
4263
0
0
765
863
15
1594
3125
26
5365
3712
4251
1408
3394
2724
0
3983
2840
9
326
23
1573
1445
5408
27
2227
4315
4318
5318
2
2499
1931
0
5641
8
9
16
9
0
19
4225
2841
0
4926
12
7
0
10
5173
1967
1
3
0
2688
4148
2668
8
2586
2604
2983
2633
17
0
2851
2302
2080
0
3134
5409
1527
4
2762
3963
14
2034
11
1376
2780
5275
5310
3924
1417
3117
8
4143
330
1470
673
0
1434
