0
55
44
14
3
61
10
21
5
0
62
0
29
76
63
37
29
35
69
34
43
65
21
7
7
54
14
59
12
2
21
40
37
41
29
0
50
87
54
69
25
74
76
0
27
0
36
29
68
79
52
51
29
8
52
55
24
62
57
47
68
29
43
6
34
25
42
9
72
68
28
2
65
63
60
76
58
35
7
11
22
37
26
37
44
17
20
30
32
36
0
11
62
12
0
0
11
4
42
62
61
34
11
6
7
15
50
64
54
61
50
35
31
7
32
62
56
19
48
5
36
17
15
15
48
50
17
0
3
6
90
83
33
71
51
21
15
60
44
21
12
31
60
73
36
16
29
15
41
52
61
5
43
88
67
0
0
57
82
24
10
79
53
52
14
6
29
30
3
54
16
77
54
44
32
14
29
47
47
8
10
16
6
35
22
38
34
43
46
33
31
40
38
68
62
35
11
53
48
68
92
12
6
31
35
16
39
9
32
19
16
30
13
83
37
89
44
6
63
36
36
21
0
37
68
67
26
39
29
9
23
59
87
73
43
34
55
9
37
95
29
85
80
30
3
2
2
74
38
45
21
25
43
55
34
4
1
38
43
24
0
47
12
18
25
38
10
61
58
33
24
48
25
55
44
36
11
26
53
85
6
0
16
17
48
64
11
32
58
52
28
7
50
58
24
92
50
57
96
35
29
31
5
43
52
34
59
50
36
6
76
48
33
28
86
43
19
22
3
56
6
53
4
54
30
56
73
6
19
71
25
57
47
68
23
11
66
24
30
23
57
81
20
4
32
12
0
20
34
23
7
68
31
21
77
29
36
9
9
80
15
9
76
38
57
72
18
24
17
7
30
66
17
18
24
22
28
96
40
5
48
78
29
39
8
4
16
66
36
61
0
0
13
38
27
34
15
6
34
45
58
62
34
52
7
87
38
40
4
9
39
42
79
7
37
37
29
86
26
33
16
30
12
19
20
27
5
34
8
55
50
58
10
39
53
72
5
78
19
71
7
22
70
91
23
17
97
17
20
47
82
5
75
17
33
9
72
45
3
60
28
20
13
23
65
23
16
60
67
36
53
7
15
17
0
17
26
28
60
56
70
61
64
10
6
55
84
94
0
51
15
56
3
8
8
9
21
19
14
44
30
6
25
4
3
25
6
74
7
15
28
16
16
7
21
5
74
10
54
75
10
22
11
0
74
33
55
59
61
79
56
53
16
35
14
21
73
19
15
39
50
23
24
0
27
77
37
13
19
14
79
69
62
5
48
63
0
26
59
66
65
32
40
23
58
65
54
3
60
75
58
49
33
57
47
45
75
15
46
13
32
39
34
19
18
17
34
49
11
63
43
52
40
79
18
46
5
38
65
27
0
34
31
17
48
79
59
29
0
48
31
25
83
66
48
88
73
21
65
26
4
12
52
98
48
0
0
40
10
38
74
59
67
9
39
19
45
21
72
78
27
73
9
51
0
57
58
6
22
4
54
74
23
52
13
38
11
27
32
10
50
39
31
29
35
15
24
0
39
14
6
71
36
11
58
38
8
12
13
28
16
22
16
80
73
39
5
35
13
26
25
84
19
21
22
5
57
62
6
43
79
25
74
20
6
9
61
59
26
13
55
54
85
15
18
57
50
12
40
27
49
25
84
21
17
72
45
25
25
19
17
6
5
27
84
18
32
17
81
24
12
24
32
81
40
41
68
27
8
12
51
86
17
4
79
36
43
66
53
42
27
20
14
37
13
81
40
66
85
17
5
46
50
43
21
19
52
50
78
61
32
6
65
78
23
49
60
24
80
12
51
43
19
35
33
84
29
8
46
42
15
7
24
60
81
70
15
54
84
52
33
71
5
7
15
13
8
0
61
68
10
30
6
45
55
82
12
25
28
9
26
30
89
32
31
43
32
12
51
37
37
61
75
16
32
26
46
26
7
6
26
54
21
67
4
78
40
66
35
51
65
17
10
73
25
20
46
68
10
36
53
14
22
86
51
24
23
52
39
42
22
33
19
0
54
38
91
22
44
22
20
12
48
33
46
35
60
52
25
30
31
24
76
51
57
37
26
87
22
55
12
24
7
20
55
78
9
40
65
15
76
79
46
61
86
20
45
17
39
35
81
32
25
41
56
21
44
19
67
50
50
33
41
21
66
96
18
18
49
77
25
0
12
65
52
30
52
33
5
18
4
30
40
23
56
43
14
75
34
7
22
57
33
60
53
11
70
12
14
15
12
31
30
17
39
18
32
18
66
60
13
39
66
15
45
28
30
83
75
61
25
28
18
16
25
30
94
38
62
51
39
72
0
39
55
27
81
33
70
91
35
26
50
99
