1831714
2102520
102100
1039944
344850
14163
426522
2316167
1890908
3827352
753462
3954296
2775435
553236
353996
3917610
399287
8384670
8018336
1940028
1511580
7299504
3355170
1929265
4607232
1220373
1973196
647613
612006
14904297
144016
823968
317502
2105624
4290012
507681
715983
10
7369836
1649949
431090
2416190
7214612
2611525
10
5550536
1371987
1726776
393780
85284
790864
277854
824345
6358952
234528
488204
3881118
1172142
223390
2426850
5729400
1701750
74058
998424
4371102
2014263
831243
6194712
1734912
2513232
4061925
288786
353126
5652626
873235
697644
715392
624250
812214
832593
910392
2053499
6728240
973085
4529430
1808275
2164086
1988876
886554
511569
6998892
414891
464688
779274
920325
2517298
510130
3719232
10037970
1562070
1945540
3808278
326870
9122928
1315845
3898744
6751584
2663505
1899051
832960
9102654
5676669
1902363
327890
38096
1469817
5124924
1188680
4924640
666815
3856245
276285
115866
2059947
5323900
2097016
1206779
874825
3555936
2113182
676570
254172
3302768
400419
437202
1466415
2533257
816870
3821670
948650
1871646
3645954
507723
3797985
3922482
930832
974680
3867970
278560
1008784
46896
2505908
2625426
767338
946305
168948
475368
1228761
726237
3658
1718472
800118
3191850
2986917
3803616
6547653
869130
3667140
934352
5773376
1901706
363153
75095
1461824
157712
228816
7317657
3672183
1824956
82188
5016235
195690
2548329
2733640
725604
208320
409400
510412
3097218
4957734
3612392
1056654
859156
7347078
3679605
191256
477732
318438
1979757
213726
991278
644040
10
542199
1567445
16164
1421802
1252688
1672520
1483098
1978995
3662544
5807628
585522
477
4754656
992028
1079218
4720056
717846
1860930
2042058
75369
1136716
2766484
10
1066761
1977488
404472
3079321
2139858
324182
430278
574458
798948
614796
368168
2550952
3279276
185787
705968
616482
3251667
4079352
3703435
2638372
812840
61908
4565388
2614825
1786545
733248
3393640
1008213
1655000
2522128
6807960
1441084
1900452
2083893
6070176
3109974
1979289
418164
1707204
2317008
2449000
7529964
1036488
8712564
386088
1514282
673326
271938
1579808
47340
2622168
1015119
1963381
216909
2136470
2757500
1239960
634004
2962617
6701724
396252
1099752
503028
917250
841384
4363604
1192704
994382
423430
10
2281869
3510630
3948021
478040
9486690
72576
681249
2781810
1856340
715482
2470680
1904175
692508
3557952
828968
2261063
2275040
384272
560572
1716936
562404
1137228
4216650
2660238
43824
312473
1826586
6065910
10
2382075
1158904
1962603
301318
3472494
836412
1975942
271012
393055
418831
317646
10
1756904
700266
612772
542172
653667
2001429
4025136
182644
10
911280
60123
578178
4222672
613438
177402
1289575
13558768
459948
586796
392682
1090992
1570674
2786364
1090380
5885784
162198
517280
766740
379470
2604141
214460
470676
140960
10
1072050
758702
287571
509530
67940
4317108
744855
92752
65838
882422
1597134
1353960
4279311
590676
5980584
424212
917343
590947
10
373366
10
2240235
1162344
2925400
794024
1885767
3263465
961888
3167556
1283233
4567280
769376
970186
377428
146348
4959927
111377
2234407
2105676
10
10
722436
180530
2945295
330324
1412037
4615916
845010
1887592
2049512
6622245
4213672
1954239
2173424
163268
12841380
736728
754776
656691
505998
652149
1685421
1638054
1987376
456024
5517585
2599597
781216
586128
259938
3632976
155907
145388
2494575
324416
3710910
177580
810996
407343
93378
706869
828260
1282330
10235113
10
3054264
523334
902826
302610
1236276
3371643
2183832
79536
709176
3501702
908372
2950353
61914
1261080
2213946
449193
2287700
2829264
20948
367728
611538
708127
645615
5999336
865185
4728696
4455496
74560
918420
495612
509190
773556
988008
960030
3143178
6011040
5905808
1967224
2089524
1698310
2884511
4966569
2087239
974282
27750
875109
575792
3427440
1903371
2634552
924564
848953
348510
7368312
3450839
1305813
1266720
1861728
585755
1661814
2466412
11376302
638664
445143
8310084
3259422
5060968
369956
382976
562266
362744
1117656
1916790
2528574
68532
68290
864168
984483
508484
2728884
3939438
3552210
1090404
1529304
100436
4835280
728808
1476114
375237
11665
548444
401787
966092
3319325
372255
630364
873880
1455540
1832855
408194
789150
387648
10
361488
2075880
933919
911536
2796920
3358184
5720328
360302
1127610
123100
5606748
1045448
1660288
451302
138384
3895110
1184421
3812634
375252
2432888
2956674
419950
993850
554062
440720
10
3211748
194082
396168
5754063
4049346
817725
2109480
817750
1730325
504540
743049
195381
793012
1862736
2439765
6195933
6109920
816333
1173012
4149585
7175088
21903
6268446
3636
755545
212492
5439204
3558528
9928450
1227710
594356
10
9961464
2715732
3111080
4299120
2969730
3218316
884639
976100
2099394
2364296
8187162
1138527
506241
624642
2439916
768236
571850
707616
571400
765268
1741271
829884
1582731
884174
4242272
3526488
820008
1787212
1426228
166554
818632
720220
225456
3661115
742252
2986568
903536
500550
670894
2474634
466160
932932
722533
7492500
663720
2746593
1636112
2882320
1765058
2489284
3581026
555951
1037128
4507866
643990
3121744
2342268
555856
1814715
5161835
163376
504688
613624
3810880
6228568
891753
1453708
425223
2606252
2462068
1099440
1853238
249248
468486
933722
157360
5439510
865344
5597485
127038
1651626
249698
1443510
1297485
1469552
425250
1970045
3283980
4728784
4741728
1030185
8893661
2173710
564392
285848
2986100
430255
386036
4960347
4595404
584304
897912
1514888
2858208
304213
1801368
3709644
10
4878280
3056765
4234920
273500
809634
1314590
911664
1839940
1175345
2736424
1380960
576802
2676546
6522328
1191684
1986390
960692
285740
387779
5091056
1770340
404316
35064
1375794
430470
4993746
1401108
1171954
5425128
738328
5901091
198078
92013
6039848
936078
1413528
936626
4474398
12171488
2422140
621705
10
4346096
976248
668284
2072490
3907026
2313835
1741705
3468120
3632584
338160
2424884
930210
3105711
4630708
2151040
2826999
161520
3666129
1672686
5295675
1118105
635706
566116
904428
717536
552376
2778108
1391480
2316254
191388
4275834
10
2006708
622395
2312040
1821051
10110
5325363
461546
1726060
6234016
703516
5619177
3196278
2385261
145064
957564
1238360
625088
1269575
1172423
907102
2915793
2576175
2166717
233340
4959
2338280
2474101
2844369
4233090
895950
79430
2909753
2413608
10
1959696
3321873
555426
490548
7219936
1025965
2195838
602524
654496
1659186
203735
2741665
1025112
143568
778673
3347064
547880
1127616
2155476
463485
5306572
8956904
1469725
643473
1354038
1515834
10
483995
4712180
836176
2614684
5862597
261459
909020
3007755
2596918
7382349
456702
1107489
2892460
1405383
1001416
626595
1836597
119798
45117
4098256
233660
2454148
1844410
479802
791808
2394296
4963392
10
872001
2117040
1503299
172618
2229957
369532
113520
1952881
441352
4827429
938187
514962
1859000
2019600
534834
4993456
1732890
2152685
1424392
496962
1952120
1755724
3059416
7089327
471562
558048
843765
216069
4833450
2159856
3201273
2202956
5833312
4854681
1889574
10
795732
108654
407510
999677
622616
788826
1155724
1993221
10
4799760
6644880
811666
2956779
3532968
548592
1019691
2547412
12525
549479
936732
3846688
10
2820835
766640
449208
4148392
10
228249
2804605
1431040
10
6272016
572676
6652360
1402164
972408
2661820
3112288
2439640
2975133
296051
6827103
3820432
584550
10
3321184
27027
65322
10
598540
329785
1600860
3100720
618620
309904
4522218
10
802722
1341540
6308200
677742
957570
177408
691066
2693115
206661
1155825
5686808
511260
1562414
910250
7187288
1039540
451320
696528
181728
1558648
1038130
2773893
10
5849487
10
12265
5855384
418491
638365
2660032
12245220
10
1031148
73908
183204
646539
4076289
856000
315516
1534956
84975
2270366
1002312
5475824
3568419
387606
1445763
721236
653742
2036116
1390806
1598646
291284
445554
2724642
847720
3685130
42363
655986
1381515
3528264
362526
1974375
954035
4697000
1796016
4024116
125354
190304
3812291
5736000
697485
705425
262622
2699620
254889
3072372
212810
1302078
10
1970290
7491177
103952
2465400
5662940
741360
1052478
2559968
320408
2084968
6027651
747306
1533124
1299140
939500
2469488
213225
35202
62694
2739472
5595408
3355368
438705
245046
4201840
3455014
2175248
1999396
662752
7298024
380385
823718
1862872
9598146
1241037
889623
1484326
2379744
583434
853835
680820
446344
911277
148056
1154232
1445454
781110
483945
447092
1911730
567840
868496
300200
3022893
1089070
78166
6789645
2308528
7357995
149514
1137340
10
524034
1821608
584720
6089220
1146092
1302861
1324490
3599028
1632545
496466
694420
1975624
11604
391395
2263648
618966
5713640
994296
61533
5336737
12819296
1756305
4656234
581440
954234
10463575
2461500
163278
5971210
1690092
2059317
1865976
2596056
62840
1651059
223668
1770867
3778326
795030
289080
1361528
1283750
3918078
5192352
5670048
192702
1731603
380535
929127
4777003
678140
99104
1082864
711360
1272036
4700424
6438725
1373708
2954493
2046140
959406
1938882
2600176
7275792
2034664
4004912
3432447
294494
232540
1041144
2744
498699
117922
3999456
301131
450447
777150
37888
215586
553505
920420
4171240
4936794
1696716
1886585
255530
1471110
5135408
863388
526840
367710
57916
1256780
10
68520
658059
1652556
2998896
210231
13415520
3692094
214342
27386
5204076
358161
185558
729001
1168678
7554988
247015
6512607
5650728
1293474
7944921
939095
2853104
672012
828051
1973394
1074545
344226
2952936
1616655
3256398
2859775
2041260
43896
2650504
614748
529450
4328536
457935
2295680
1109480
5544091
3167880
6988536
219816
763805
871670
83007
307854
47192
3002310
6358512
394263
525078
2955798
21608
977703
529686
1775052
317031
327152
2555442
3977976
945984
158424
129008
1598888
5079475
3034356
610371
387844
4808712
6908464
5643702
475146
1167362
584580
3068910
840
1616368
58905
1569712
2834484
140648
10
7183548
3525606
1465328
333445
3717368
2628099
10
2709764
1921385
3204240
563886
2463625
112944
486588
952636
158772
1858548
618988
1966158
128469
10
345326
10
965728
1429908
780656
4809064
3876750
311288
2773449
9600
1573923
590858
821130
465960
4282560
3053264
7984548
630005
960654
3797010
1656860
639351
3633138
685816
1577995
4235178
1247757
2887936
2532680
2828484
3491624
1683816
7230430
2943101
3765672
332262
2535630
10
1790010
485236
1041225
3010842
1439542
1911992
5016096
643608
177275
508452
6510152
1702827
7870776
1895760
976400
3088686
92150
546256
781350
1600232
3783990
7309030
3354396
422460
4135491
2676088
3543048
1762652
5608048
189259
488205
705680
4525548
1794758
1928535
697698
4704738
1688691
1536966
2496690
2917540
1157051
3429440
1914894
1080018
2301684
1113188
87661
856016
393741
1716608
9794640
2830716
4471305
6692040
24876
2771754
430010
2095182
964968
3660762
15600
2028411
1378566
7707465
711168
1963284
4480448
1605216
6875964
141516
10848352
1624269
5178012
787800
5776152
5743255
941830
4576491
4808622
454824
1680800
199392
2610960
70651
204180
1959488
1376095
1342332
1282248
55716
701408
758524
2720168
3406968
3153930
755956
2582760
501641
1436310
815542
504378
6711288
1956591
653880
406556
4575492
10
2256530
968574
740052
74454
6744952
1019265
605834
3735507
1862742
2830437
1443734
290762
682542
906104
764204
1907308
1208204
6466268
910616
445886
809455
6763160
3764628
479964
3841488
3398424
586671
2735545
2892771
449370
2902936
1420119
585678
2514992
6487936
2458176
1008696
815358
179415
1615504
2136806
7426908
1283485
2517320
3095640
147497
263893
1829530
4403034
501960
2100726
381888
1819608
698964
2193664
347604
2389704
3395772
1515862
133948
5724635
1143183
234633
798931
35276
844020
1476279
696857
3483819
1227297
3279591
456360
1601901
1238238
701274
3300039
4485444
2805096
6792384
1883248
3509172
3667015
2562492
10
902734
432162
472996
613200
1379828
954630
428228
597408
10
999340
2139904
976480
192005
2680398
748268
271383
5557209
771196
96835
996075
1741095
974670
808032
770292
221376
737240
18851
1841987
2678160
14354
1085784
224518
279426
64614
1425224
985276
839790
3593110
611550
10
481632
175293
689445
83979
4333161
1492980
894225
5091152
10
972251
3289008
879360
696052
399280
721938
972060
1530324
568965
3722952
1330878
3526878
347868
2797656
48672
1924832
1966410
6423993
244958
1182736
346654
1280979
49675
974838
35790
6864448
7965085
4795696
2774975
2515878
1689686
6593976
1731068
831009
1854888
2484643
1428160
3836475
5513025
426975
618498
4527072
1087642
1746482
979842
938784
1850673
2302832
10
4831816
1371840
1858995
84744
40668
432904
1570632
6756088
208734
2229735
2123289
154186
748948
4819368
362341
794352
1438650
3542733
51438
2020834
475365
1514284
4925812
151536
301330
728555
567540
2526925
3648824
791272
275076
3369267
1284372
322268
1005048
5759411
3114336
3614244
891714
667443
814856
7255548
2642460
268479
685566
4558380
796369
5655816
4948188
2091832
1623276
1632270
1316805
577965
3781155
1173708
331390
716940
2796489
1059465
2297976
1598844
1751340
4756395
1553760
35190
172955
5176272
10
1747110
3270260
2576436
1518762
1118156
98244
59514
10
2192805
785154
603565
4395408
297850
1712906
657160
2185497
4614204
1273075
1503198
545980
1013404
470376
1622181
3810132
1844070
2085540
10
2886016
1184260
305004
1083897
7051430
2305779
3499974
6961300
27096
352155
2043036
1813230
573080
10
5304680
5736024
8846430
74876
753565
3120120
884135
2216025
3671010
393488
4480104
2081997
1163570
86256
161310
162114
986823
1750792
5867128
3457811
5897885
3619357
1184445
2931144
831750
7959429
5556782
1102329
1726168
1594485
469458
1732570
751410
7591257
645785
642804
1088765
200676
135400
782850
2582343
2410798
436920
945075
1368368
1509130
6989840
1061724
2964512
3983924
3837805
857019
633760
671028
1868230
414624
585276
377901
562072
80362
1769436
2032516
10
557283
357068
10
1571136
106040
613302
2875836
661472
594262
4762324
488048
603825
1898306
3510486
1947575
5040702
2819364
174627
503268
720704
1945107
1304478
1709544
1877012
1973778
135828
397242
1310281
1676675
1401185
166368
1615914
619497
834858
269900
2508525
5629293
501711
3514952
1160208
263156
2653054
4259040
3334875
744327
4133744
3815343
216882
4677588
966371
1039370
552720
9784
10
48275
2796224
13267184
277076
324756
1387809
504072
1952283
1673829
707138
1381220
1858824
769874
5479048
38620
1453260
1307934
4705204
280292
1540656
451955
2825442
875952
5148099
1037270
530200
2584020
8346
328185
910305
170226
2278584
3023335
383360
235100
2901787
1587640
1844976
1176294
2129806
912186
205312
1038354
1497993
3222785
890388
780636
2382352
377556
1226750
19143
4915269
3354965
4276542
1717152
3759561
970760
3260004
671310
10
708960
600788
586150
1670512
1736352
863202
2708034
974508
3105730
6098904
127628
977907
901818
1805496
875700
1652914
1611267
6680907
215226
588735
7937164
6092384
1212544
429180
1577285
10408664
730083
700371
2618548
2123976
936624
957320
1616112
145646
6200775
1807608
3702680
314811
369405
115329
516920
5988340
3409208
1191814
4859610
1939427
1041645
2388360
689048
140656
341980
10
1447011
1538160
800406
4050234
704100
3059028
198069
12302
5948392
3156860
4179688
860350
760728
1299906
2805894
2483094
239883
884649
730745
1536040
5666388
642080
917880
1170090
2004021
570657
1450190
2963592
842778
1420714
2056770
1474864
917172
908883
10
3808372
928089
675324
1447620
528514
794812
461905
709064
3443643
10
2584796
1834301
2486608
10
1525628
472900
8712672
982496
418518
2517305
1192478
6494848
12547692
3449056
1296012
126918
1701744
2115240
1403295
664244
691803
954576
361524
2990652
69183
4748793
990528
698418
245880
11797608
2951688
10
2346188
47700
1981912
217445
922400
800730
12935
953184
568603
339687
2873648
1134008
6694248
1132030
993766
1826832
741559
307602
2836491
174657
2750012
5478810
3679950
1222176
1923075
1846593
194532
877791
445430
323085
3164064
123598
1614585
2832364
1154376
984036
7383648
287602
653305
435470
7470810
1533878
2408616
74010
4897008
5418552
4474498
834660
317304
4918452
3567590
2091089
503212
6256530
3665907
704128
368092
1020632
1866480
83978
345960
3360465
964971
180825
922257
7990
3876498
1084086
609633
1794999
668361
29896
4319100
672717
3353232
107613
1809437
792724
957272
1558611
11670129
901764
2310252
689128
445304
1363866
843036
274496
1336608
3812186
4592430
149470
3607075
1527438
4068808
216507
2899254
5096160
233464
682392
202112
4882740
241384
324372
126275
532980
1171662
1045260
829602
10
562828
5535680
494604
1858536
250020
2552557
3165393
3431943
65340
641240
265424
5825836
4164138
2016824
852824
1675260
549132
2151737
30418
4783520
166558
2303703
3809344
665046
905485
7644642
421638
106152
2232944
224862
2325470
3925512
737900
10
87360
403032
1867100
1913264
1390872
3897324
785304
1727277
745677
2837020
1919436
3557025
845868
147996
1776720
3466128
3217130
6010720
61224
331656
844770
10
4171752
4268184
985474
744712
3302982
702215
907668
1433292
5892939
636428
389416
6882984
5609793
1924704
1445192
1185948
3332316
3609684
2720298
3397051
2627877
1684515
2767499
827869
841956
10
181396
5727016
282375
175440
1711950
402465
6736014
2201395
10258792
1706502
292716
10
1847824
846584
1567494
825522
4645856
357396
10
1658644
1575224
1033983
1142452
203698
677560
3774024
2225997
2336245
1051131
2325323
814005
2196628
61155
148336
6371320
3632175
4570464
987534
238448
10432961
7105428
1634248
2432476
45864
10
1761876
10
2418960
4304094
4963500
1027254
1188346
553604
1523662
1821584
945304
3461510
152412
3909894
3473408
517140
1401510
3147066
1257136
511948
3056310
1417640
534680
165914
2224076
2261958
496956
2795924
2678557
6501069
10
3687672
1914685
252240
45360
925105
1733052
658521
966854
199424
2126275
2972532
1935955
3922152
527733
99246
2142847
15844050
2025624
2539845
6198372
5770350
1685130
268479
1327767
1972200
880726
2703421
2253544
480571
2235360
1772452
53655
1548535
968572
296892
710024
1782738
1141708
3243392
204040
150344
72665
4293228
610844
244120
24040
1468784
2796801
1825788
650061
903875
1976055
1764496
274290
6116824
241440
565862
3888888
2105250
991782
2523459
10436202
915368
3524674
159164
1942302
1436340
813800
979704
82936
2669590
1142304
475405
1686848
504040
2662776
555426
1259512
410750
1966236
4110129
336
1994733
2947872
252456
31968
17188
2995865
280530
519407
376266
1064626
3026200
3223194
464574
84498
618890
3070473
375688
997424
6271248
1017054
1887994
92184
1824824
612184
2381030
128811
143577
699290
600796
637568
692396
2761832
10
1326829
1680695
361680
1202628
1008825
117168
831171
2725856
703745
3632922
1997370
250390
2084692
959472
2086148
210411
817608
10
1081986
1130101
4877676
756324
693684
2640580
2743848
10570752
296504
457362
719112
436984
851952
1895054
324684
2831120
195032
1605232
4998400
471424
379052
1173875
964152
4624284
374055
905570
2152350
450548
274360
808650
2461056
5787831
1770477
4502244
615480
10
890132
2419755
612333
1467468
2611966
224925
2742088
3172824
2505795
3316188
281640
10
678504
870516
4589940
989746
905005
929593
10
70458
362936
302310
4556480
1143525
992430
3341009
4058369
1220564
1347240
110355
180258
977754
1392979
690224
592652
1122416
2626992
1165115
925124
1969120
2840028
1625886
4804784
422820
10
11758704
99365
799824
945488
8915643
1485522
606724
5190328
5952636
2929914
1002105
1515505
611756
746790
531114
551430
1912888
3331026
1198602
4586742
12040299
836811
1832222
339200
228588
240837
6560016
617838
821230
42885
1577661
89761
2988456
151902
4364520
985846
520714
520119
651535
5394697
4577880
698640
467169
4255386
2037916
10
242520
1099120
51888
1458747
857091
175288
2672934
5970504
1491687
1472696
2513944
13795330
919618
3535608
2289819
318732
5241828
564168
1669985
3160182
1067028
470601
3701864
940947
2823590
4084770
530811
3182280
845188
1874520
5865895
83676
1077608
1908426
103650
1410934
676749
1231778
73412
564186
5131776
915592
101564
3496710
500031
445144
7414065
943004
445176
1819258
1753200
912010
4114206
946700
5950269
1762527
6378816
415670
408442
388250
464000
573398
1239513
4806326
3253293
1110360
463252
6991360
2439274
909535
500220
382785
1803641
1123895
5623749
2792808
674190
1003468
1881640
714204
492788
6077784
362871
394242
1433658
814924
834400
55839
10
9240280
5502912
566928
763255
1611235
2629880
186088
437202
10
216104
586515
333078
454316
1488060
1519592
771930
225368
8018152
4625348
2951352
445383
566733
410690
2078296
10
4843264
2227960
1805027
112779
2877096
1156200
4688469
436877
2390292
3241284
1446165
4333416
933180
1774040
569712
8470188
2747876
660715
1889775
45530
901616
931220
2564226
1840968
10
3486150
343464
701757
2440254
876231
2984276
2420190
1119688
39417
678650
917151
349090
2272850
510843
2749360
4686660
44388
2439148
617976
45456
206559
258168
958192
2264764
128042
626493
191786
1061536
2428992
819540
4398968
1172752
4310190
281178
1480495
1786635
5837846
1418232
7453350
2008746
189742
72081
1157400
592360
2295629
5482432
1362806
356388
3002232
7514184
30150
432845
2043874
1922740
1586979
105704
10
1976715
2517624
193800
2689332
337146
1977598
1488579
2113356
7422735
2206430
239636
285665
556398
3510276
1095942
144280
18661284
933188
10
6650136
7197210
2110012
171500
1821098
1479654
2673592
651600
1414665
2897112
343670
647452
2778
173942
1022460
1219092
243444
268443
1706150
284112
10
3201175
3784269
6171723
214765
1592649
3368120
1872402
2671680
865158
1369860
2656668
732544
728100
228300
721114
603504
1404328
673182
372990
10
5949428
1172456
2013080
1834110
2108911
245952
1737100
757137
10
4877334
3763215
136470
1727350
1814488
2826656
1268638
3536050
1490286
772722
5802248
238260
449856
614070
6002109
1414656
1920056
1989044
1959888
420501
567876
1967175
795648
2739055
54780
10
1083888
1602999
5530216
82994
2933350
3569628
3163376
1037764
189114
1239602
1280110
1302156
817472
1700072
1662184
334770
10
1415574
93144
1527560
959667
1348728
3581736
835302
1394316
3797646
636988
457260
1097488
101823
3668497
1665009
1810613
753735
1082608
1132467
2882258
2577861
1510848
242388
411180
719756
1686336
2996325
163008
3347037
4923324
1492435
991773
7192374
5271539
129639
5196947
2400768
3918558
10
4166658
719624
589170
3912696
137915
10
150208
966136
3130500
3706158
3112602
625424
3976985
1193934
616840
446810
920412
10
500364
5174262
4266636
5873231
1001952
727604
2842700
124345
562324
243922
7839369
11057112
1569169
1697080
605896
10
3092488
256299
1517760
781935
241812
2942049
10
2721145
2752257
2698038
1160364
2087636
1056688
5514075
10198854
1380351
1258965
4067814
251730
4077424
3884175
204813
5168456
8103798
178312
1864692
10
2804448
278838
685832
4020725
4075452
2835927
1619384
914958
382672
5614665
2213868
1278424
10
3896232
1059675
4902850
758165
1567152
1917740
738376
1778250
10
655623
2463309
993468
637566
3307312
7230372
87922
771736
3519954
6312942
365570
750892
866538
10
10
2564448
664300
214050
2685456
1445874
3595320
482010
4063941
2468472
423912
3393648
1122282
2442304
271912
10276960
945648
991910
3524112
8889056
2625780
1674310
8218856
103515
264310
981856
3858869
165980
2516562
2771480
784080
162816
1011192
7978275
3170280
1289212
3695634
1627616
1985415
1727992
6446000
2245472
139363
4256316
3490425
1816479
3872904
15270820
9699417
2774296
420340
538510
1398744
1501644
289431
2896666
884244
773815
724586
81896
1572772
407924
41094
811722
5398263
1112874
811628
2595184
2083823
4903062
3318372
2920729
1894375
677403
2115468
640134
498624
10
1365364
457497
552144
310436
4168794
1807260
2652184
2418992
367566
494640
1508352
91120
102680
1885512
5497263
422752
640672
4700437
1615760
10
490038
2829810
2459532
41630
4775886
1824372
5133440
1789112
1741085
720736
811190
1420200
369152
462952
1737562
1847136
1134602
218292
850614
155133
3498284
1919448
401622
661422
741447
2078132
1526850
899379
1538306
2682945
4419588
443970
1156768
2429441
2932270
588364
271044
3697365
4687024
593847
582322
2772128
3772254
3526470
287272
584805
499270
3844008
1780296
10
351610
1443939
2004808
309035
509778
101524
1973614
3309825
1164186
594684
4211496
2597067
1804005
2083448
900144
1512014
378
1756470
505337
1427193
3630393
3807530
6881760
682344
3178818
3783510
11402192
1732656
6556680
2042730
2139776
4672980
1737304
4676068
4139345
1132460
1237295
718895
367626
462262
1181448
924093
1088192
3483690
10
650997
156624
276282
951790
122685
6388440
730385
395884
3412052
4366080
51435
3541212
3008646
2236596
1474240
770568
818678
963405
2164912
399012
1714644
6463791
107274
394191
6268264
502335
942015
941916
8093784
688167
2556480
469932
339270
1588200
3123036
8469684
2419569
1680543
1810292
259524
2125336
31629
132520
946810
608022
678445
1633583
3640312
1941464
4049298
10
1304028
547890
486816
467480
4992368
1538016
1111212
1866369
1196352
1500285
10
1535625
3758049
2606635
175704
152816
838728
1709010
187587
985570
263178
2077176
7600008
3088008
518166
313452
4671600
2659100
2743016
390725
2116926
1813216
3353780
1109436
516447
602343
9613704
467121
4708158
776728
1787961
2208088
1483622
11010
2802300
3856692
114378
2181475
259044
933180
10
883016
894544
4421725
13660137
2687328
4665136
10
625590
469170
757680
4857735
2785734
1590270
353968
2503108
3156840
4170870
26937
865116
7511949
234136
2554842
3666252
1788020
1589704
195734
1414935
5030193
975435
764775
1895290
315005
620392
129940
656660
1499141
1555173
6017208
838377
832181
310388
1476860
2663106
5124504
1923894
1501074
2455054
219612
116240
996338
48576
669855
1437770
5795296
281520
694880
1067886
592627
9810612
2848364
2907359
3932415
1299492
2003756
10
2707038
12181464
15052
9516210
4317921
63444
1311233
471328
12752
1925538
398961
2803344
675460
13448
352436
146538
1894280
2033425
1184746
593208
541445
1703322
2365069
502317
1628073
2508912
3248568
3850596
4134966
389412
656000
2626830
3817272
114285
4442208
2922608
13677032
1667100
4357188
1061627
2373532
278873
1169510
4022910
288728
4765928
847336
63130
293139
342600
3433204
6930752
697212
1516872
2177882
2215308
5066840
5269408
5050272
10
2729660
1660572
638992
5344936
61708
3743628
3189717
935872
5102408
802932
4474332
548190
402570
725788
1198968
4084788
9627624
802094
223959
4805030
3507078
5722330
5226849
2090908
10
4776720
1106664
312942
122395
1702407
6263335
776153
689892
1888152
3393061
460776
1936235
806598
45960
110208
663327
1904602
2750408
3312696
2477538
419610
2089716
653646
10
1273556
1751640
932700
216200
726597
349860
739782
3376205
461110
1677609
330940
10
210318
675489
3859794
9156
1922762
213867
209568
4830228
3358782
1819878
3723416
390624
1317510
680658
3395685
108825
735185
10
862287
19125
4955355
3501870
244002
3594672
811000
10372088
162855
647416
407100
489654
280238
770204
777912
468764
4666722
5562810
10
1067166
638631
813420
4415000
2635668
988212
1408950
458988
387760
3053511
1148742
3600546
1307976
1134975
956584
635444
2744770
771050
442965
360860
966465
769205
2093796
2131530
775161
284042
232086
2090688
179518
4140736
2476375
686168
738584
2172112
303010
5940760
3557070
630558
189672
3059892
1627800
513900
573475
629073
1664789
6380008
965360
1209136
4719555
1607130
904088
3047292
5802584
647516
2524264
2246769
1245960
24775
2512391
2070546
1035314
3221324
1342107
892581
4961718
423320
2790928
654556
5737360
111408
488384
897820
3039972
1082148
1231816
2286993
807978
788028
5972080
2194234
4942791
809220
766985
761992
5152248
1494409
2385649
394432
966686
725796
3815002
1037478
745650
2946350
731004
1654092
1913948
726854
2388240
6477615
1903410
533388
771390
10
10
10
3499230
390040
981573
5229272
2629627
2181675
2145486
1856030
4766824
833930
3651825
5128968
916298
824084
179125
352443
2431114
9240688
550192
644388
2421881
714189
2503420
333954
3503187
2515098
3155139
1551288
1741515
2594286
3982780
346206
766284
25508
550725
4526829
922744
1941975
5200568
2543834
1720705
3779592
7292007
10
1640124
696210
700312
1021168
1048618
2959614
2426562
2473290
12747762
2180824
4282860
657408
1978330
951264
1031734
2159948
4083680
266440
803952
696105
1470890
653814
10
1765720
6741712
1911721
1146219
2686642
845966
5888708
681112
6301936
395638
388338
4303320
4097406
3135168
683078
357480
3470877
118108
5198424
538042
280500
449792
3500985
9182070
10
2788380
3580176
5011385
1146782
2438832
7467725
3669415
614775
717216
59871
496972
4559088
2623928
3474912
945294
595938
689934
668754
362007
5975956
5113968
1431838
2919316
1100958
3757734
579879
2344200
3207386
3520000
4549308
3628652
85035
852156
56440
237928
631482
17444
1062882
4207752
4500354
95290
7762780
545430
1922680
2318211
5562824
2534742
53766
184050
877395
5350446
1597600
966668
19071
4137306
910413
736872
1311985
30380
10
913017
6599889
1149530
2377706
643814
839780
1575248
687245
385932
167712
700278
3089545
5568868
3548484
10
2639968
339100
2286460
861040
2955105
1739800
365356
5485293
622492
571383
3292138
1470637
1173660
1372925
1723736
866440
1010037
564039
1840374
399495
3891663
3964722
1213596
4461186
3057888
6138
3271134
3889720
829381
2238110
4955965
566288
434332
2179004
10
119160
3036870
955052
11157344
530960
4610724
3675273
4002404
539178
3129330
179734
3192426
405461
4756392
1951362
748578
255519
6104988
355320
1271124
4354192
236115
6283062
3243332
1313236
215110
1495989
6634350
2296910
1045198
423236
2442348
1505768
1879260
4176342
270988
10
4928733
33849
2322632
2300084
6995816
373572
23415
10
2369790
2982480
1278584
975704
2119620
822630
284112
770748
277854
7908894
3428774
4327060
92995
4796296
1178544
1868424
610528
962004
271976
425868
3882395
3493548
465915
141380
3681128
66220
1312608
3861088
4862900
1534128
336672
3014034
475305
196893
2909468
1844500
2238054
10824168
2724232
1669635
454742
1724868
10
897376
10
3758700
1227760
109440
1194136
4091100
6632988
669888
57564
1890
102557
1640052
758523
1454085
475320
860622
318260
783171
3884622
80550
162588
6828688
2743497
759950
737790
1620906
1245895
3324510
4512336
2695664
1196826
3705527
1464768
2604526
604828
368557
4721463
7698452
1727575
728592
988040
7311843
13749096
1862710
1688990
2511776
2177500
12389344
2619892
1928064
10
3060936
439782
6660544
186222
2222151
3860847
951410
670325
549680
2630608
1488309
1147650
754150
2548284
3677736
793215
4477136
442985
1580840
365850
1771524
645264
142624
677079
156284
7279188
142476
2760471
1620194
644788
2030056
2774224
2172531
4349919
3861686
3982072
584150
2407311
376712
5988648
4915477
311016
2098300
1979838
2599056
587236
6864504
602544
3402288
520096
2534760
2781146
277551
2542072
1900808
963762
10
921886
970578
1255908
485016
1401245
3785316
688023
4869912
213472
1967346
740370
2125168
323514
2241424
1725336
551688
1719711
244680
1072428
2990316
2446280
828549
286116
941952
22482
3087144
2493855
1509588
923088
19525765
870972
1407258
235200
4792560
278796
1616004
1023642
2693688
3775
1352148
576027
149364
638732
733944
832356
135496
3022578
6225125
981512
177995
694938
689760
1265392
1576472
951582
53676
2535468
964647
3713950
10
2662860
682760
2488208
4789096
2675820
1976950
6329016
895952
1690150
1704273
5609528
2656927
892785
533696
1854567
2493424
3090348
2219264
172024
2329626
2546960
4284882
187404
121702
3701128
10
388752
719706
55574
172164
820896
43672
6251888
1408412
1593221
85135
27530
654626
1103610
1797084
5652840
1021413
3495345
215751
2185890
912654
1942636
130732
3779760
1666149
32970
3037150
208404
526300
10
507185
2853408
1590295
4049955
2434295
1377208
1555480
3742221
3755430
4268888
1753509
2334704
1328468
4451634
1224090
1643598
1211170
371540
304044
4381056
1734271
4978665
2371110
325386
76372
2920880
1805766
107527
617814
911724
3624975
2737464
620628
680643
337480
561364
1339980
787924
1437036
1563320
1068080
621656
2050650
2930896
2738064
102216
2629048
334852
74078
5569464
609040
509448
1453869
1728520
2378425
3397165
667026
1261230
1627836
2565156
6864664
412083
1846863
94473
5774811
966447
1896644
5268144
2599374
1057191
810890
1863705
2226230
1864890
2354264
6065125
30432
675370
899200
133040
2871408
806330
1416252
1957045
1502180
5738336
536529
7844247
3517620
271758
645435
2535282
694947
962376
2263398
1787375
1961043
616424
6866328
783846
45381
923544
2588409
330060
5633200
5567646
1833748
629265
5619288
982614
252265
853509
287094
4455088
6074793
4172028
1496712
61864
6435824
1991052
4106802
968166
3832401
1671444
3495780
2024323
1461714
10
66438
975680
5320990
56274
2851488
5316804
758982
109735
10
2082744
809832
989776
261978
951768
10566496
912120
206740
551488
3624698
1184379
1869687
527810
1549904
372764
2501739
810
3265080
3174345
3143945
4687728
2989938
1972894
277128
3823587
323673
750664
3387726
1856400
330456
3034410
39114
770283
371368
202638
1740500
439632
602896
856574
988302
2491602
1484258
317645
677201
807822
961968
5275332
967830
3840410
3990888
1650495
5334712
5801848
1588240
2230950
136048
725290
348376
651130
2608560
5483680
6482475
2823048
955496
322330
2793234
2237438
511060
1522794
39548
10
2163558
1826044
4787174
3745125
2932911
10
4856796
202872
4146612
700910
248352
445737
975611
130140
335572
822987
5507824
1306044
239859
545190
4546014
1979290
662277
2867304
784815
11933656
6295272
642033
482258
2421125
4068222
691671
11625464
4625552
2989665
4218810
3243208
816458
1607155
1255200
2350048
67984
176186
4232552
646320
667182
793219
6751112
6548445
2080626
571440
3488176
704562
10
10
1150200
631917
3697455
4009424
218967
3286720
659820
2255476
996814
2493253
2504476
155428
1439914
7514787
1720888
7040772
1066590
4864680
2916486
723512
1822005
732668
4530600
1878692
4824876
3410864
10
1348944
968620
333644
279220
4130952
188790
65508
3833576
1932696
790428
6075384
1229844
268584
4642952
10
130252
4841025
1422115
8794090
5122320
1628790
1257088
860424
5271975
524535
5972112
680440
3409530
7117263
2537127
1743630
179960
34890
2270425
567178
1916019
1032610
349088
6973254
5060997
484624
483924
938438
6855808
2084888
3283372
1367152
4700148
314094
35774
429112
220268
5474808
1387206
23637
815856
3654972
2150105
518228
3405852
4558771
3597740
1396610
2834741
1680519
285896
3210599
5116576
2490684
275560
262514
4414830
5526528
67335
7141743
1710452
6952101
886840
403256
1911888
1103625
76818
942915
1708038
50634
2694368
1602090
808130
72315
2522568
223290
1007766
1313588
2042392
1120130
1891923
1900155
1454130
1845486
2865595
3650888
193896
3296799
1104360
3779670
3801400
4733760
1830456
1317540
1494908
389772
2252928
1276716
1516380
898512
7741503
347976
1165992
305208
1325170
5518562
9812562
577212
131225
563136
1903212
2889558
4287144
593475
132006
3867534
27170
476678
1905200
951882
1345974
921300
2239644
1935630
560105
156690
2906472
3384675
7909902
700470
1607454
795348
493085
1363660
2472870
2920192
1706315
10
151218
1397547
6276564
781746
430296
3885065
4069560
1886563
5219032
3553902
1150320
633195
10
1179065
569744
1443024
1666110
3310516
934872
345236
190688
8166224
370044
2643414
3412868
475410
2042936
2481648
3594267
4686466
1045408
11937128
10
651280
366961
724824
980871
9015096
1809141
2163668
2668835
7818224
10
1470276
1573818
1613403
236445
1599598
921408
1830269
2488385
662376
1965136
1146432
208232
1536666
10
12924912
596910
5066593
2209176
5526424
38556
1699764
1586379
3828960
3408240
960988
6034920
460859
3602268
1044024
888981
2701548
6685931
521247
909476
782817
956420
1183390
1709544
98276
1552733
1171208
547116
2136463
579108
5419960
5218600
405075
819096
10
1761456
10
1194489
1266930
247448
1193146
1972984
186448
806248
782325
1088307
344925
162258
2572
3081318
170940
5223384
9038696
865606
195258
3265794
1790016
6128224
1636835
719646
4092823
10
1253772
2564982
2587620
2344272
606880
705024
1829136
6211348
3673929
9226056
1018520
371960
2775900
98518
509211
914980
6667232
13678824
246069
2764539
2514385
27276
2135286
834958
5060367
420862
447912
2253888
195528
788244
1823940
904176
2892660
5078712
513594
595362
1137672
5553676
339608
675174
1511757
455067
4206006
59148
1473035
385450
183673
464667
1296374
9765
3533100
1446384
208248
194547
10910820
3934322
10
817048
161945
2192460
10
1712650
732138
803907
506565
78756
596700
3106243
965670
4260222
516264
461172
792946
6814197
3080100
6082040
1966460
1906410
912234
6351584
5314040
1647855
546500
2744340
2542608
2259645
41804
942320
579240
3890094
1265292
452526
5569018
529012
1068867
2582512
1954584
1485750
4584909
546462
1631483
890510
510972
210105
84681
93608
2602488
434096
379302
2886345
2857296
521298
3002965
2785131
4392768
3230832
7946757
407817
416232
5191740
3351540
1671640
6404624
992258
6731838
2630576
1337732
548440
4824054
10
1291208
423692
1917248
3419845
137196
280988
1742112
1940649
357183
6704392
655377
2909826
9784056
862940
4336728
5621640
458330
1912587
990352
2281986
1075725
3715330
7847478
1355805
2490741
1309978
1832247
1980132
4022478
121300
2520992
1503168
10
2609719
543501
752610
2644692
234224
983292
2129643
10
706707
10
637206
2001568
5191660
3964158
422704
349372
1004
23824
1331240
962334
621267
3934356
823102
4150872
116274
4151142
294650
173814
650832
272578
976197
2130590
3206421
1571745
6842696
761355
774312
1059525
1728270
10
2216778
188560
3043044
1386959
2332981
884096
1780496
311638
846423
199287
405804
2270460
480795
2673385
2044916
3239156
1583568
1815328
672552
204008
1290771
1670100
1612720
447040
2790972
4832028
643135
1567312
926324
649590
342928
2707672
235495
13644
5889044
59542
1776360
329456
2202726
1943056
553546
3263517
774025
10
1468369
2815555
286972
735705
638944
2467032
4271220
1389336
5799535
1357285
2851480
2922662
5845440
2553645
58755
415835
6954
1966032
870947
800020
2120160
2272392
62440
710182
6831352
124484
3000020
2723740
198037
572980
1426475
1457073
10
2745575
4803579
3824175
3087444
871484
1111292
2554482
2440995
956296
3495664
4090872
312347
428130
722015
3146706
788155
646776
4848156
397744
907445
320688
3488814
1179980
466590
1490540
20583
1465089
6871149
564210
2168705
116556
550155
438669
2709908
284787
3710820
2644988
720741
1195085
4837216
5880770
607449
184625
4482163
303208
1179514
4992642
8348826
730704
1273208
951705
1883148
1493442
1852386
1565944
7064416
6053976
6737680
444374
2459350
581216
3639013
2452800
991764
1945500
1306780
803420
6548430
2764730
341095
339426
431600
573076
1448688
746709
1574067
1146776
2519160
970942
2731500
2344818
1881680
910210
1519375
1939820
1872621
627840
37656
1925140
466386
1977990
1939424
3253440
1030314
10
576230
1468582
2202088
2464506
4989024
783765
4242792
213930
7205580
2060358
2183380
408897
614523
1779996
295326
1239775
3589438
8792808
75966
2396440
229090
2552784
793809
1466612
563234
228816
1441530
1281264
10
630051
3939177
1978876
1082900
3671560
873936
888916
10
172838
1628480
417940
2420460
943064
6334632
699625
330138
10
10
1957854
639275
1535160
652272
7170408
227232
40748
3469376
2209494
10
660568
1891890
595287
10
479876
1999628
1856760
41587
330345
922284
97024
1541400
1974304
7303059
760046
4533684
4610889
4096554
2011600
3942065
1074504
815400
1743160
2598890
4022148
851990
2810781
862408
247938
4398174
5500496
2819145
2898400
965595
5162570
795639
387080
153344
667200
3613925
3250395
2885491
77200
748752
6699340
10
365806
2518680
465948
638225
1898240
687925
1650696
280525
464715
780578
151872
1198047
216550
1972000
1727922
10
241695
5507739
412605
165042
253326
3249234
502992
56203
1586416
3460302
5898768
1211376
1018934
500227
4490725
738140
2128360
1568010
11300072
2011425
3840096
780762
2562308
669110
5794144
1131640
3124100
6417768
1028919
2403135
3602630
2875040
1184880
1215360
251084
17046
817452
3924300
3470064
10
1767524
488992
6736448
4056280
3618306
5452880
3880256
100521
424674
975204
3395274
393268
960192
926370
243582
609606
4387400
703144
80345
1487982
1024140
451108
1082124
7084990
2227392
22588
174657
1181054
4567740
1623125
6788256
10
1579408
4431933
1618260
1291230
3472208
1664656
3919212
428322
4853304
545268
1201256
1214
3082440
4551248
433506
2527312
105966
1413944
405633
2095965
117750
1998868
1750017
7960302
254787
988773
474510
773980
910876
612032
81168
1198725
2900930
839985
2785592
1900122
349248
960867
5498724
1653414
13567088
2507610
3241602
2012313
460179
3553110
2770104
5241334
4760088
3228685
2156170
10
563679
2210040
1902222
10
182997
887345
3364776
3892212
494037
1870746
12172815
4342452
5850028
146259
1516728
625122
2583904
2727500
870732
2603288
79525
6588512
6424232
963698
972984
43886
251910
1025185
403884
4894677
1211154
517766
2395440
1316358
642352
10
532758
387240
380184
355724
2891752
2955806
1680178
759350
345090
1956417
3664916
4381323
582772
504558
2349472
1989029
142065
2637954
466188
2970796
1790700
365435
2039770
3297340
1894004
7312869
657411
2651490
414708
170910
160998
719808
10
1315083
4257673
1469511
1529580
4833409
1611828
1817250
197541
5636365
658904
1248120
4128600
311234
336264
5942512
889565
55900
2382246
3652090
122275
722392
962838
819210
1766404
10
890274
3066680
1450974
172046
938435
3006200
233558
1500744
1893243
1174240
190814
1466648
3721278
159318
1109843
2180385
3992904
154328
305982
2764505
1441742
895909
107334
10
845720
3739337
450162
137514
39592
1145600
724720
866229
753196
1053932
6944632
3918245
524487
1909957
1345233
1880660
2491569
600514
5650848
1988452
1646748
1263085
970896
1412840
474744
779088
14958
267580
4568152
1382536
4484364
216555
100910
773445
13056736
2149545
1136149
840620
9164280
1084055
10
785000
1097433
505592
1953497
352985
361788
3965751
1438514
3458349
180458
390456
3771435
514560
589275
130809
6275392
1152060
7984728
501708
4544454
781780
2696372
3079790
1025715
814084
3830274
4235644
1262695
835047
661662
832363
6594208
3860160
220986
3209778
1974384
2634709
2837376
524040
1255856
59984
786816
692216
2576990
1136757
9567873
3428964
1190100
1355669
163885
3979860
1465890
2275715
5866512
2369934
81930
1498004
402432
4885774
89766
3974376
1168664
2579814
10
6155136
691300
1522144
5824592
2294280
257706
415026
8892
595235
518628
1852256
381228
7706511
1304032
120234
1154168
2302422
3210145
1791825
605030
4945770
38946
1524810
157988
668644
1514258
805336
369147
474408
3666852
3036154
726975
933500
292650
3674904
4901178
836540
1603664
2746104
3223605
1313456
259358
1457743
76148
2768400
830015
355752
3933804
289430
356992
1612488
917720
3003432
5904108
2444625
1252448
746610
294546
3876160
445695
2403546
3232179
4970688
2022496
13644
10
224175
1685285
705042
464805
4472824
1415706
770272
737233
415310
479148
2123359
968913
48816
2426244
814161
445152
2041500
3233225
386828
301880
1306130
871650
314742
1239270
1798659
729714
201498
350307
10
754755
5091240
28095
820566
4370235
133308
3453510
1750593
230127
10
816366
967272
5024272
266064
1740136
1228452
1867254
1551976
1353312
130902
265176
1232240
1534794
1133793
10
30585
2422332
2703960
2774988
166485
5136840
2011232
6178788
754320
848025
937308
2746723
1966464
10
2827212
468980
992631
856400
5969240
978408
5921209
10
3112692
4740168
34515
6627368
192144
1851672
2633715
10
1271952
13744053
5666744
377940
1385032
3158990
4277781
2311884
268592
10
994464
2478448
688008
10
1848726
3686860
3210400
40672
1437032
1144335
2296772
879612
2689062
1210728
246525
1666070
2857794
528304
1038831
158312
506800
2851713
1740496
4462704
526990
1310781
1761248
583424
114060
582000
247536
2613588
229308
897248
1899852
2585754
1907290
154332
6685524
4934615
1283056
1910162
319104
4840568
153685
2603148
3858305
154422
10
1016230
875416
9979000
10
3406908
3548002
921468
1416688
48285
7905870
4393024
383322
578885
732714
6184744
2786685
787230
3065430
1224710
2239164
611667
376062
442428
300648
404190
2831260
318676
26760
3942378
3141768
3342012
3662682
878704
1099322
5444304
5079699
829600
26706
7593777
1879680
3283338
970970
5399575
2997592
891759
10283
115188
4828838
1995217
907105
4783872
2336593
320742
267740
700866
2337784
2219682
305916
2430974
7526043
4227090
1988975
1946590
4952610
7460892
6319512
3744846
3147400
753207
1334046
3941405
2133495
323040
1737428
3230468
1671252
488236
2728626
1360392
4043655
5889575
1465886
5549896
192787
386150
620679
3722526
223191
4554594
902898
997843
499518
1346256
177957
778068
964200
5807403
958752
4273360
3024549
663324
1364565
154122
1831781
1808679
476240
2245304
3501580
3161025
2562084
1074804
5080264
1322360
3369865
518778
179946
10
771246
161080
2254878
280246
3553965
5238316
5161786
3621528
1674345
2524130
4318074
4676718
781524
2696232
1214815
1642365
10
342294
314208
6277248
1354906
281766
3883968
6789675
5662976
1196167
1254105
321280
1159734
9499210
3864232
7780104
3336830
490864
1349126
461968
6521048
3422708
6088416
3622073
1850616
4322348
947255
4458896
1118574
1481560
5438925
471740
3835554
10
863292
1743455
1584594
10606296
1994112
446481
936006
954520
271602
1183029
3458493
1167880
645620
3565072
897693
82250
289471
767648
4458656
4273842
2349940
1472156
2039856
2977959
2551400
330660
576745
823782
5931877
184050
955660
1412364
547344
3260406
565956
5385804
108513
2072920
2221119
898941
1362060
401640
3598828
960015
2086155
592991
54420
602472
3385
544904
1546636
1773939
651627
1669960
1652280
308705
310698
261603
3648813
660905
1905974
854710
894178
384
421253
223533
419923
1934792
998376
1436463
1789704
6271264
356800
370476
3676632
955338
8803830
2734245
10
3721935
6635970
5506425
5966976
134304
191889
3979458
721971
148776
10
1404738
1700734
512994
1950627
812688
829158
776424
67656
855020
1409020
3614106
2092386
590958
118878
424918
1133920
5499090
1345602
5925288
400185
968102
1015840
474089
1968258
10
1588878
4135328
133749
10
1720692
3479481
298540
2396448
891646
5982432
3772197
2251035
67180
347976
2572104
310288
114675
24020
1142334
6996267
2859220
429170
401490
10
4015116
1525112
11940012
399021
2566384
490746
994025
3965438
9072
503637
4142514
4307154
2687697
4334418
2798372
618285
1122177
1739139
3803644
3743256
2889888
967980
1405105
5101602
488661
2642452
1973405
4801869
497133
780996
4400872
1593240
2100890
692064
740432
4482372
345388
5248784
2295013
842024
196364
898300
283290
4923531
1121516
1389987
1894158
238325
896273
5340952
1831236
295788
2977530
94293
501880
2988208
674228
3016230
159855
768708
1700310
1624392
314712
501641
870171
131411
689522
1806600
1509453
2120552
1821132
2454660
10
1082296
439320
6928146
381195
3126320
2473512
3429786
722950
5178684
1021239
377048
281262
1638825
4585000
3591552
5581548
1878076
3326280
2189316
714207
104517
782648
5982832
401656
79896
3917914
898366
4727272
774318
836384
738522
2635444
3818052
100956
541092
519438
7545015
1224444
1021230
1443519
3691698
513834
3302919
2835825
2966416
6414504
549447
677832
2232635
1550476
735500
1878342
3822955
4617756
1361507
7366860
1917486
817340
10
523672
3966858
965442
891100
1785960
2914344
2176416
306916
3571352
9384944
183600
465264
1415880
858096
379056
724572
1802330
4028848
5305288
1141984
4868736
3880436
3129780
1555905
1325088
478760
890667
2953926
877960
518660
2651056
537084
508332
1869408
267496
3454752
1989345
10
299126
612612
6348960
1800000
3327417
3053940
283150
1483209
188824
554427
598448
4258440
1734072
2832453
1088532
2257173
1056614
737775
804102
528756
187624
573054
1863354
372105
406464
1158834
7573713
709719
456836
766017
571113
278154
4862586
256270
1179720
489576
230066
357490
914790
291330
5941752
2352884
2013000
1150385
422678
601587
572544
461868
1026126
1475964
302306
376334
3361710
1203882
769936
351116
1129849
25418
923298
5625136
9410536
712242
2979704
10
119960
1842480
2030427
1040457
3591171
301905
2056866
474840
136800
2211740
415404
5808042
1558432
287984
899108
1407273
1311910
503796
358946
3725960
764406
3063606
624159
1451001
3830595
706254
2178930
80080
6433800
1584492
1918112
1804194
459805
348245
4734618
1473241
1442140
10
1307583
403407
1926165
4497960
602202
3240415
2160820
204906
10
685307
942700
545740
875904
165196
669528
561778
776007
9478812
2887664
3795504
3475056
2320295
1464252
4362715
1776544
804148
7105167
45696
2874508
1024508
7850709
8108009
4383072
1801512
2370588
1924128
2696670
165100
5185720
745080
775894
1679564
367384
104346
257490
2164863
682120
1814460
351238
4652198
2459765
1288546
1155824
1971384
3229646
159414
683658
1244862
577191
110964
436302
1754466
379362
2472235
813540
3597048
782136
1414568
937200
1601691
829508
234489
225085
3586472
202257
1211945
1376165
11750858
265876
369276
7624765
8170708
706708
2509929
345456
1570050
1823562
477510
2512750
716241
235755
176448
69552
267136
1942015
4449976
179826
3423452
1882592
1635534
6483438
4823724
648144
894164
520104
329526
4397144
1379802
1392930
617304
596208
3776570
1298810
2322789
627504
695725
606464
570786
662592
4052790
928728
763994
2825392
1944968
2211184
1476320
3063435
1400483
3843504
121023
4251150
2592188
3534512
310806
1467464
670911
608350
559640
19016
670914
3787317
3536046
3002140
1508265
311367
126854
4395056
1086088
507965
6635403
377432
1519134
6823576
1777216
801948
94635
173451
634701
517916
1247596
754473
192680
5123601
884802
1122612
2161975
3241908
672815
856824
1850429
1260582
22764
3735680
787332
3470715
1735284
1227240
1774225
95184
3792729
142495
1592576
4220496
1061300
1746100
544892
663540
577182
2410028
4845664
1101912
273804
2982936
876384
2382985
10
1989120
97530
1251440
422465
1305372
10
5952616
10
4291256
41496
820008
60410
6655653
1739622
844818
702012
2397411
3957708
856175
1434858
828528
15377328
747018
2990750
516096
345015
227136
4928370
5484528
1830865
58576
2193751
10
1241975
416056
548646
2448456
2324784
1557885
6418840
1699791
182778
645074
1377069
5437242
1842904
1515305
206424
400824
14060943
371256
3717468
1296984
5955057
4196031
2207673
550536
2892372
2438703
1151190
988554
301140
374745
585502
327070
1411688
2628710
666450
1534335
930
815916
324918
736245
1035864
786354
2328249
3526380
1419496
874746
1031335
2480165
371313
337530
6837736
794145
401409
391027
10
486056
366624
1164723
1784202
317034
2635415
2589552
22240
1522014
155322
1065274
896928
992500
987664
659344
5852202
2770999
991120
10
876688
265958
879809
1928336
803310
11431
5864103
4952712
4582656
613515
1474248
225238
822831
1591107
10
499944
10
888786
1391192
25025
719160
3300672
196803
1040151
739750
183774
572152
384393
272232
893320
3672688
884956
3409450
428225
723846
1238230
159698
1387730
78775
1593564
7207659
2507550
8060958
810298
23310
435260
695577
306488
1645410
10
5852934
1868136
38763
2714145
624088
3262392
2938980
3813222
413875
472460
109035
291411
2243169
657316
653214
988734
729824
4256021
1802759
2391256
2317455
2750562
662650
576474
70587
2633526
788394
2955536
234876
3046512
2989916
1720686
14085
1915542
587307
1760460
10
1377902
1725972
7730496
10
948618
953740
5753968
4601420
792620
458440
3054730
5029248
102545
749058
402255
10
605080
7097787
3628764
4443592
3092586
3130326
3197240
790800
1473045
82269
3290336
567908
7424844
1260090
2728958
1721280
833391
1918617
2997335
244848
4122818
92400
2186838
1246208
4760472
736728
839296
3742998
244275
3105
1877208
3541704
5160365
874698
2028614
5963784
231741
288048
15415552
385659
883438
2137856
3265485
493671
95896
4472944
1589571
5089509
881260
2262337
4979056
56529
1025248
246423
1577177
3705790
936554
184912
938287
733390
1748670
2656992
2206710
764939
2300410
1611267
4974328
2063408
10
408576
7412814
829356
81613
230600
1596174
889280
160524
2710645
1668364
1928724
2008790
703966
4058100
1926975
800373
1950237
170885
2104896
4991586
497329
1737560
444416
1890225
832215
410718
388208
3688536
71018
1458651
4953704
3426632
842877
3602640
302481
1250650
61225
133854
121646
563423
494330
147140
1918170
228893
2553173
188820
795535
1876158
1211166
784608
626244
4374192
1406044
734976
97344
436512
2047232
4665568
4052181
878562
230091
1093315
282774
1995224
842274
1165473
4138860
963951
1655556
1543077
4277704
798910
328020
412608
253161
891496
762228
6682856
5096000
961929
2048400
805800
362686
272000
2450922
4842068
14370
10
2972274
3544947
402178
5223096
2704180
958365
188673
770202
1851760
139594
1063458
2960580
10
356908
4723326
3662325
654028
849510
1565214
619354
1468962
1754100
1313152
985848
1080488
935575
1623399
1013634
1541409
10
984290
895392
1583208
3439341
3024225
1274912
3492811
1379546
2533085
1785140
300321
303480
474271
1297372
6699704
2083864
5561264
643244
942426
671886
212840
549954
786440
504147
614831
343824
513480
269774
1924260
550942
726772
448482
903480
6178264
1018955
1827128
415695
479768
1160572
609768
34235
90840
2507787
2174224
4145034
6867960
597136
10
6457671
4309677
1551466
835096
550320
4058852
2754843
1693205
614912
684645
3907308
560511
10
1018923
1610388
972360
331016
1469442
5146371
1832082
381584
698850
637715
4616280
129048
770127
5870928
866424
200770
703353
484410
134043
763568
2710422
1630040
7760664
419166
290574
3061750
148676
169928
811734
4921542
1751568
499832
2378904
3419019
2501154
1481174
596785
2086620
845001
325962
645357
2552286
557013
2058308
684720
199534
991155
10
1477296
2013955
2527004
230734
795754
472005
693287
158072
519408
429880
7637049
242013
3975231
2001864
491156
10
96368
685958
5051575
7540875
907941
1274931
2403726
10
1443207
58869
961452
703478
402174
355098
526932
418644
1524744
263720
5083264
364056
4399300
659380
732944
2961372
888831
674487
3431070
158180
2747744
700350
548821
2807316
1677925
453628
876335
970196
140934
5992560
357084
168344
168404
755910
3898458
2992864
2761587
1110356
675794
189332
246370
253791
4426965
1531064
5734344
6445656
1681761
805768
441154
686556
763107
3207830
1714602
10
3052763
734886
4754088
37809
5615776
495292
85680
1390872
6950888
10
3543075
210674
2872025
2080113
3336712
6748
749568
22225
628218
887100
178524
455004
10
34344
541770
7305230
383945
677214
5785031
582300
3168744
1574322
1587960
331002
467184
2438178
714750
1405806
3705426
762700
13669839
792846
4004651
677476
872006
4543608
1222571
1916572
337981
670504
372570
1160865
3176290
4994168
2423840
1738395
601276
6688
731988
252066
890570
39772
76640
1257858
644412
165328
1571220
142471
1741926
208070
202230
213192
10
1706856
7042311
192836
589672
1005588
2143080
720372
907866
248165
383724
221680
13252600
10
870212
693729
3091284
772244
922188
571989
114224
817124
397579
773838
3218005
5036872
63728
1801602
622938
492138
2328212
1749752
1969683
2053130
2704830
777049
333702
3429923
546666
1826559
1829493
146484
414057
3754990
10
4267215
738855
6676866
440886
3008472
780367
124371
1874384
1717940
316380
189254
10
670045
3846282
10
473630
2518230
3882005
4931598
1463310
2422685
4100652
829671
374476
5881000
360714
2157738
2318764
853608
428787
3436290
2276572
3891345
674883
440715
2070243
3142602
1075480
486045
58750
196269
1763529
731745
1973642
7185888
3612336
401226
6320948
489834
4667316
501154
4979616
6923776
586560
938538
839476
1819686
170872
381354
2928008
291222
2928500
1120710
581250
550592
607380
680344
2670804
958986
543834
426096
1758635
1421175
756030
10
909405
679050
2651256
749337
666725
4751088
280188
746472
44480
395182
410868
3780428
6317504
2883504
45352
2632546
877756
369248
305604
971280
2116280
3698112
3622938
1102815
605796
2861615
12580236
2320020
1274112
3240918
231428
377484
538985
2948448
4303128
847540
4765776
19078
1545392
527730
1960287
1153636
669412
732144
3830405
137568
2116009
495894
1361289
1161880
708354
86775
188555
245968
2537436
1844760
1588725
1775096
2771919
891192
4165861
1082004
907065
256170
2794136
1841247
2466880
118720
728544
453165
1917372
43578
716954
182216
1207854
574830
5535765
3894320
4660328
543316
4586184
566866
6909184
2141932
12435680
10
209988
143013
4162296
316800
9711848
1082184
729753
294486
1770438
832065
395180
66006
919723
388161
609382
1565032
6314376
395488
111819
2906640
5157336
7521240
3557370
3969176
640299
951812
4656616
1655000
2577505
1537119
111732
1426035
388908
620802
1503738
7944570
2975322
859719
692752
1287156
4477908
55475
1442600
108104
3347094
1165905
425718
3609092
3219475
1853884
329624
4843704
931644
2003552
608982
4204782
862208
3322658
1639832
10
483864
1598706
228905
541944
4491912
2809749
2628915
2702945
895050
1225770
4527360
796976
2178237
4650600
842535
677476
480894
1056528
1896820
968992
5998720
3923940
10
575142
680374
1530081
407175
868394
2681765
900690
1470435
717321
1166284
7392375
7608501
501582
5877627
8341854
1259295
1016526
895305
1188803
2086854
8538
2942974
3974812
5919683
1643516
5581905
5525336
5510160
793272
1744110
1277805
653480
2011548
643716
5441632
381894
7218840
1713384
839206
3253404
593064
997682
7407464
379450
805390
1716240
1525410
3311152
2884638
2760624
1863172
25356
1531710
669230
776718
941032
254919
1042912
2878029
145416
550910
36036
2001986
744261
477800
383894
259800
3020768
7131978
227494
5819499
923550
2864484
59899
560908
2608896
827812
7249932
3932472
4062784
610326
8016525
1393329
498652
926668
3444615
449932
3655872
4662768
36725
46968
1027476
172008
3797129
699164
633375
2969752
878748
4531308
627610
827766
806214
12208
219396
638205
10
1321914
806088
44644
1755920
14584
1254726
205008
3136010
4748706
524380
7336528
1986642
1484718
1130140
304086
10
751210
440725
619908
1576974
4165968
1212200
770768
1585616
4307448
350466
3201429
5094215
3879184
3723888
431608
2770397
1845640
3634775
272007
1373985
381456
3503079
1202908
422250
642808
6626600
1627926
2535192
1729431
1827574
1147563
4841624
329160
2090454
5528229
444125
658605
2303975
247488
1923921
10
1438044
772240
182210
110628
5131050
2295976
182914
767685
7848396
545208
1544928
1259049
1985982
10
2346050
3027006
2793852
616974
965672
2232874
10
4532448
1495095
609093
85454
690696
456169
6128800
1517634
740052
10547600
135858
1558962
1252923
10
353820
1334217
161922
6777336
1798640
3567345
3651608
327765
401830
895362
5146722
970929
1278795
761592
1343508
2091717
256980
1624144
1908603
3778920
1994282
2911544
1632308
1081359
2987097
1400040
1228339
3345455
468366
2529420
565544
651420
2359392
72852
3453090
3215997
10
2378268
72830
51774
235689
1046736
1320021
5305734
582892
513110
3954573
12642
733894
3729920
1229874
612468
2098222
2450024
2922458
1899100
385805
4634232
966003
5121388
835088
176376
526864
906363
441982
4654930
573460
704619
640770
10
6484302
5376637
1967686
572160
1225138
3436458
4422318
1792340
921438
1953478
180081
896042
1545096
746247
1597290
3742857
289462
1881291
259250
2605477
1872360
3510512
987956
5586462
2286060
2393244
4489968
560752
745752
3981445
470488
3543615
884226
4203024
2779164
6848424
1170232
10438732
3553480
425929
5743640
5824197
869166
406889
10
1319660
1644020
1834755
659673
3554024
1783515
2472696
440
3838194
429165
775215
239130
985539
1182825
1566452
2688756
316390
5083362
412344
10
1259531
765316
4717704
3449800
414295
665147
1529490
426069
1750390
4833228
2299728
379750
6274312
256971
476415
334616
1541900
117024
1585150
296487
781000
1223117
274408
2528996
5279688
1199891
481887
604394
50406
510139
261648
3781107
10
7896249
386908
198030
288728
1982239
84216
1091322
749820
689215
2077130
466944
1285812
10
1336084
669816
1312101
346535
61082
7143876
2309601
390880
85692
2459784
5203206
116214
5825406
2688091
877341
1484994
512690
656786
3979345
2352546
3978100
380950
2946712
1970910
53514
1508499
10830
9017874
2104522
140040
302006
11668338
1773812
2536896
3303600
204344
325594
1466584
1364946
2899512
6777472
1963764
1869669
2304268
601830
311436
739140
233958
10
1357790
433650
722968
682976
2084860
8229448
1504128
1669157
2059554
7855914
948274
5749740
841862
10
496434
1825854
2545212
495096
2409006
2266032
870968
7620669
7964718
878965
3421678
2619864
2898800
3009942
464830
4863696
517314
422676
3422815
3087352
386508
5186216
512268
465807
102112
603813
2826816
942270
1772310
5065650
250038
2416680
1679321
2151289
1601554
5080662
395730
139440
1258197
555972
741393
815832
5659248
1596973
101080
5911234
918819
1998696
318320
557809
1909288
3341808
199416
740244
652700
868742
300240
890582
21675
31612
60736
4001728
695493
3665448
1725160
3779136
6866376
529790
3755334
198919
545392
667670
1726236
275768
882090
3502816
2774952
3824725
3535704
494646
5264982
1319916
6570456
339022
1011130
375346
4091276
2173032
3857256
1079396
3100368
1422448
4444480
5127312
3915670
3511905
1121160
405576
30336
498554
1832144
4359488
892927
598614
1286904
2989680
4846112
427372
10
2594034
10
1530171
4653920
1836264
63705
1731856
4565752
930748
133564
2917075
1747648
268168
5239152
1015596
6934869
229625
1491062
201240
503524
692250
523302
224814
916584
3018740
674586
950256
129476
2169252
877854
946248
11251530
415958
10
142990
792561
4708554
4726668
1690928
1974324
5658583
870939
925211
3243114
1370070
692724
3955296
2624247
894945
33344
1603656
11817008
6091232
3624680
1634808
166663
767132
10
898135
449561
2834484
872949
10
4456482
1793939
208936
102861
847863
153170
2351226
1967076
1996596
1159722
120932
64438
1398366
1142012
1351605
12893016
2129632
5575624
3543216
237562
148967
10
2465256
401832
952725
873558
1644057
597792
2319988
5678408
1407616
2172267
5076390
676376
1635345
538467
3107115
87756
688284
4972312
759216
1920338
3205980
2744784
2507015
3116859
6984225
6835432
670936
2002826
1284663
4722219
196024
1630150
851152
1702204
351774
2893555
4396890
620144
1653716
3686526
496454
2312653
220956
785979
1627896
11631080
108936
237825
1822713
1806702
1370575
3888999
2551332
561170
245792
641884
2246452
10
247268
705755
1918500
697624
1169
611820
7556553
1634842
723030
1673109
828620
2566664
10
4000488
5720880
257750
1782220
1889377
950268
5275970
10
892256
1367158
2836264
559774
2139096
1429560
6552352
1583154
735192
184692
887012
2253293
212464
1303745
1210662
82215
902896
113572
586256
168957
805030
473193
126582
1375220
4343336
778855
5254368
141745
1056314
3570260
510681
5641072
477153
1896560
3093165
186114
1441440
484040
236598
513457
1295856
1336515
1718840
932764
7967853
853212
353860
99402
1227816
4313904
99684
951918
189090
706569
301642
572640
327062
114836
648660
8634336
2373452
178204
351134
2637894
942444
10
231300
793700
509016
2444238
1586627
565416
2880488
360748
4276386
1907035
122860
1458114
882136
3515620
1032066
5405218
3817854
4617372
3769648
2624980
95154
372340
2513128
2491232
393825
794502
289900
996477
589953
75124
485073
2422328
3010536
118775
303864
4914975
2799279
2741914
450108
1373475
186003
1656564
495951
4525843
721497
6689169
6892168
4087506
1391160
1074980
1448586
1416840
31437
1071693
1986687
6348376
2046672
752960
270621
4036812
764855
764324
4587777
1770390
3687651
7418952
3309888
1264077
919124
1240722
4104920
1174113
291870
11500
10
597205
346412
997680
2137576
836044
414066
2371432
877216
1851790
1852232
887385
1761714
1647356
2655208
304213
1103865
272720
537234
153544
15233035
2074950
2896984
479094
6479624
324306
878090
1391190
1593718
2501838
1034127
358692
4126360
10
845504
1207449
1336780
243640
1615235
1698080
690488
2320362
1189119
649488
7894971
1687170
864620
4462722
20725
2257816
3232830
249770
859200
1158340
5578380
626535
1407528
14455
2652378
3452048
1702098
2018400
4019136
4618678
388479
1442706
696030
1357880
351837
1519602
39820
214956
2072652
1842575
1522432
1836672
518098
1736986
3288010
3515568
537345
835032
543172
7364672
2155442
2833767
182908
423248
77756
985161
3478990
829304
74390
6555760
978718
593465
65478
701919
402372
294763
1945818
303640
270834
3015890
1623618
5108336
408528
1574136
1518155
2891135
6614640
1657168
728088
875848
2958416
99744
2160308
10
463650
652744
1465952
726156
620066
2779448
1182020
2859560
296613
719435
2668578
2744070
4278843
10
1888424
480403
4336716
1363264
805760
2373039
1054191
2759980
5704680
1978476
1729278
1819644
1467345
1885299
523026
95532
3796092
379162
529046
138051
291312
4917920
180464
3331026
3693760
3547884
1918708
2107242
1747890
13414374
8958056
1547132
175248
2399733
1127161
317756
3831212
254322
6176
1580719
551994
2478024
1193622
1725728
1160538
804412
557608
1624536
2835984
867192
6287814
2365428
3972680
180194
3405738
269456
2142872
837210
686499
594429
1515534
1355768
862738
544605
1128836
185619
3499985
223284
896320
663704
4091983
655862
1584843
486612
293572
793723
2261860
1104155
985434
800695
10
3103776
1797864
2670164
364819
797268
867027
3869514
1117796
734451
6918309
310689
104125
811280
1244658
1058526
1341550
3334536
321930
1530344
1678005
4451560
9278103
466080
202572
255486
1536381
6445960
2952684
909399
1001790
867050
5391738
5874975
7904781
1512900
10449297
2577939
531800
2406708
621366
1977538
1252557
901630
830764
851380
460201
490808
1866350
725574
1574295
1896084
3869665
1701920
80034
1304910
1940508
6025488
764056
7224336
112470
621537
44424
1723200
5102139
5652269
135420
7728849
1825760
1651428
3782149
1483965
2017920
2214086
382656
400400
1406358
77472
755634
4091496
6163616
2433907
2747675
4813640
6581925
614698
4411752
2081744
3157105
424750
1776966
2933430
10381581
4225581
1881654
744312
101864
1039143
215604
1144371
1338549
1695510
4541202
53901
2868417
2070
442323
3217685
2715132
179520
3339610
48435
2520705
12940
1643824
3248064
451638
672413
566184
1475260
722790
2196448
414870
163443
2062552
10
2892916
209576
2560544
1717990
969575
4626024
4693392
6229200
1058742
6723768
9700
1214710
491512
437400
5080960
1690848
1063220
906768
309270
666792
3675145
1299825
4903336
2748872
4524527
506044
5419752
6701384
908622
1813956
3184600
258130
85467
739998
1429175
12116
256626
987336
1608272
875232
952224
92655
1127349
4279335
869196
2207529
950906
3693258
332640
4678664
4953582
1417599
506065
6663753
4835028
272654
952925
124257
735579
1599048
83610
3296785
3116176
1553874
6952656
602133
1017654
635305
1083504
5906288
330230
340985
455100
3719368
787035
633675
1718826
703128
846585
418680
1126071
10
878376
2225196
1044819
534055
684002
697840
1828088
116631
903648
4950540
1680828
3394748
1899441
1605816
215285
3685968
1548135
681850
1624210
976626
1529626
1051504
446264
963050
950172
4392480
4135180
519969
404260
522212
4566884
4320126
458486
520414
485916
1290808
200385
2857216
2633616
738036
402530
437152
3661464
788880
7312
514096
5443865
475586
258735
2784033
7922712
1919304
637659
3667671
1296448
227696
1356446
117900
960220
1673932
871276
733344
552573
236484
596400
83692
4582602
26415
2622415
764690
520938
1283136
10
3454272
213896
1036756
572756
433888
2840775
10
2088667
2369368
476488
2838510
2298108
1263939
855508
4480856
724140
492751
603369
630426
830118
96866
525050
288170
859824
440352
9111032
823986
671104
156060
247662
826112
237580
7710
4523424
1426200
4245059
267915
869676
1356702
1929564
1186296
2603839
294886
468244
3833420
2366244
4265696
256212
111375
7301880
3602543
21132
890784
581906
1471484
1803516
708980
9929763
1823577
10
955774
3425976
1961310
5977960
751668
817602
5868333
1204806
215300
537672
10
1211615
404145
768684
1794392
4258260
124115
77706
1653253
916279
1937124
10
953586
2312370
949425
2516373
146404
12889448
485552
926874
1488672
426146
946899
4048104
2088384
6494256
2902179
325045
1309923
1730735
1655132
1149225
412755
867224
203578
888576
3910329
1046510
5456672
3657546
2557835
1275330
3749068
531992
1537494
757978
9411540
2308782
53475
1315605
591276
671013
3189200
7309416
1535814
209515
1947864
5016408
908754
415080
887243
2542242
1217648
107514
3241420
5221040
1713842
772374
402850
161703
484752
2684825
2493194
10
4017068
3667920
1251900
3629328
2036432
464264
225105
551012
830235
227379
1129096
2161965
622256
1961427
1744032
4859512
1573869
2749335
1846140
10
1836888
1729470
544246
413484
633724
1177812
1790082
6834624
1679505
1246119
54369
1246284
4093173
786426
5073732
893646
223206
431100
6219054
1673118
2413768
5158920
1585908
320460
382696
6813664
890710
4384152
2270044
577690
654688
2661548
525681
2969848
1612402
1746696
1344321
924378
706250
241966
159064
844172
3368556
2040210
470754
2234142
1124634
727452
3048936
413130
1637736
421815
257427
10
697550
7070337
1788984
1901619
1218225
2777130
3603005
2226294
4825492
727878
734024
2722688
1650810
4214592
6732304
10
692109
3776562
5102397
1920568
4704448
1477024
3937888
4714164
54736
744087
1678455
1480228
2353806
398880
3773280
3179241
3588264
228160
10
554928
332754
2967016
5024385
953433
4080882
645752
4709766
300515
1230633
473641
407616
1075338
676884
102072
1770824
1197560
298836
3328041
164214
886675
3691865
2211810
504535
2570970
293646
592851
890931
2932895
798777
37784
4571760
750483
310466
1325790
2510610
63125
234204
737965
1391650
9117912
7820
532302
5532352
3725960
1547470
3263139
1364760
1204490
713032
1939474
1419531
1014336
31486
2726286
1624704
191945
1569315
2071848
370454
531690
5438232
529362
592929
1279854
2828298
1823328
3373296
208508
6821145
5182758
2332096
1588744
1253765
76794
3200595
10
3304368
5855024
279174
761940
3496584
6010984
794398
10
2398608
10
4483542
303110
198714
141288
1584925
3639960
3846411
926352
258768
73918
3941955
592410
3162630
707694
1779984
4591164
10
732364
2949352
92340
759410
5349771
494580
206376
722925
6190902
1651125
309285
6184200
154312
1621641
5590448
20544
152868
2668428
4781868
188874
846654
911828
2021976
2842608
3305464
2944984
10
994600
894930
298752
1746064
11348388
46112
3895870
2752236
3890436
1235
1336374
1841862
2145852
2946672
2702
10
2768604
477240
1256296
281370
3736896
1235171
1520336
959595
522952
656692
811176
257241
3784344
4088312
900876
1621893
629277
1895817
3183426
298468
1806876
564192
885282
2434033
534590
956755
2370038
3444176
5133408
733311
420642
300328
1309488
1746870
3662325
2651748
258540
1090400
12546904
3807915
847557
4369134
595605
4604358
652851
1357191
33380
950824
2235912
3764446
6091232
4236318
1748256
115
8645
75150
384183
25965
704691
1470325
129166
4947436
4667010
3581016
6539922
3065448
795144
768762
3365032
651416
139475
290478
1464520
2286736
1488951
1146588
620888
323055
95643
760302
1124925
3677448
434848
5603400
606213
56984
1940691
374664
821966
33310
10
7472508
3758156
113825
2638600
1126174
6082112
558542
8112488
649988
1772886
972240
5343016
3592170
12747
1916646
1926201
3566040
488954
636126
1795506
456855
2256840
2704468
274836
3039210
158715
6672123
4552056
1670020
607686
1438893
237136
1627218
678072
436077
177693
1520330
2168978
887654
942558
1630503
6693576
328950
406311
2304764
1609128
2049536
421544
5192964
1853730
2585928
209488
164494
1346680
1923580
8474736
1167848
891174
3132825
985292
1578320
7210330
579105
3277422
842608
2386986
734818
4699458
1162560
1283049
2053710
415338
1592886
6004560
720120
2593725
1059475
3569088
516360
6876576
881568
4897872
671428
5974650
5821670
685405
561492
3971564
885500
331944
7132059
45988
396356
781182
2558823
2371804
155414
901880
2007666
1738464
874773
218830
2468040
885496
787468
5204296
422184
1413608
1251105
3605056
152490
4180136
2605880
926020
901564
71528
10
3040002
5895184
168488
1909854
2770250
2464616
1989620
208632
773496
5699432
2679792
791510
1430138
2011056
5582646
1779400
1857780
732732
3886116
522410
3895178
233781
89780
5838930
3919480
984320
5041744
1672308
338940
3724992
816034
651656
2155014
563754
983229
1793814
1951068
3039840
1895472
723212
1539820
9939897
2178621
888090
915285
701056
781323
5589104
4678440
1006420
1083082
874985
2322670
1480992
361656
4713888
5712824
4626496
502496
452325
11977
2798416
6609250
19732
3782380
681182
1341090
847048
7109910
10
507942
578291
541492
21754
2789372
1224056
459519
1844559
409548
303024
430038
1611315
655392
833812
521444
947051
1881516
827562
10
224024
994030
2559534
3480120
442600
712044
247920
2673984
643874
978600
123396
2081555
1446196
752949
312465
958372
5848304
1199793
3927430
1168758
349356
467362
1080873
664405
517038
865952
2557204
4820238
4227069
10
3195780
509061
380564
176655
316268
492732
1567760
37768
4275486
5534091
2521197
2062004
564870
4554536
2195555
50376
1994466
116508
2095299
5186592
10
1671936
4791792
2334788
4470872
167229
444843
662994
1561986
569832
1845874
9707360
4412214
966843
1545642
1234736
648099
1713544
1453710
117785
5316745
7826
1317714
1256427
1209192
2993550
2620005
149082
344562
10
38985
4373418
5420982
629418
1785632
4278946
1552200
1474644
802718
3690654
1191530
3455240
2387436
1306110
781485
809890
953730
2868390
29280
242274
3826893
762018
6918752
371670
2913588
10
6020528
865350
1876410
439724
826928
5305600
1154865
414252
88228
5200517
2841936
596000
763582
464978
972072
561375
287156
1042830
10
906596
6796428
3725766
986800
1002736
1539769
511520
2003340
5370160
3080944
556638
10
1139112
416223
4252524
4666926
106548
981276
481058
1964135
1337905
274995
3897224
692738
4175538
1095668
3281904
1676388
1617270
3293288
954783
4405338
4764348
733386
840220
2753208
6084
2740728
1364308
74039
3122349
652500
10
6137379
3526117
4042208
10
171346
594980
1900857
4792376
2307320
839290
221650
900801
2017360
1313920
12061688
1541133
873486
2056908
979050
1929174
87792
1104813
1928892
5320557
3015144
543771
3976806
5017848
94740
402064
2941796
811136
10
645000
1740807
1244855
1655004
3632784
10
3292686
297025
797430
622746
1757560
1989729
4051989
10
2852224
1395438
953970
2551285
469371
2545375
611338
569492
2689165
1488263
6443928
409800
5735870
1714482
501840
1429180
4165206
61440
870650
664704
240867
1459460
2103802
1620230
945955
818126
1424584
421068
4939782
543750
980988
1981246
4690272
1690173
5163340
1656030
1309800
511520
4991176
10
192017
835394
879285
907604
3313392
10879712
2907192
1674470
759573
520149
208435
10
6033555
4482576
1080585
1708154
2179345
2111308
852432
360342
4569240
356550
1218637
4531056
2875872
2576025
1263220
156477
1151700
3429242
3682962
977112
393914
251531
1900122
840905
2699406
208064
1641460
6439167
1148484
72422
5257288
2150750
6109180
2137476
199272
4491823
1205666
568350
440646
2421080
2738456
1154223
6562485
1702228
1734198
4385444
238592
120472
4695534
3594054
6720228
3789282
110928
10
711312
900820
2774070
749656
2709465
3104133
911120
984210
431928
6600240
1600120
248824
466656
4728336
1416296
3812544
686925
699408
2886868
734671
714024
286910
103345
676184
1521600
5183496
3350200
3295140
10
545408
400192
1647807
1824456
2001036
3622360
1854636
812105
281304
4860696
2067732
1158335
1914399
698070
697446
5514381
159570
62776
1429252
5652285
1203390
703722
7805961
952080
1200728
10826433
980270
874218
3177360
2514168
5127423
222785
175480
318168
1322600
2600941
10
1016060
877784
769517
357135
1238485
2966112
1485070
894734
390792
975696
1638155
5380208
178584
4295056
312036
454140
3327234
819940
415892
447750
2291485
183292
364887
929312
2508300
11519045
489564
761916
822672
149253
238392
1086192
68556
271638
2786632
384176
3585224
2960432
416368
491067
7376
4802316
1518450
826112
320175
51520
33985
4352453
1818270
808452
1746558
830976
264710
1204236
2006220
8132166
1807143
192726
3246183
1541224
1446264
7153452
